0 0.244141 0.548689 0.312500 0.548689 0.312500 0.562361 0.244141 0.562361
0 0.305731 0.555183 0.371805 0.561813 0.370050 0.579303 0.303976 0.572674
0 0.474609 0.597517 0.400494 0.598258 0.400314 0.580320 0.474430 0.579579
0 0.408151 0.587515 0.398438 0.597517 0.371090 0.570957 0.380804 0.560955
0 0.493759 0.573338 0.541016 0.613142 0.531878 0.623990 0.484622 0.584187
0 0.505859 0.622907 0.572266 0.622907 0.572266 0.636579 0.505859 0.636579
0 0.589844 0.589704 0.601717 0.597827 0.576818 0.634222 0.564945 0.626099
0 0.595703 0.597517 0.638672 0.597517 0.638672 0.613142 0.595703 0.613142
0 0.429688 0.480329 0.443359 0.480329 0.443359 0.581892 0.429688 0.581892
0 0.777344 0.681501 0.994141 0.681501 0.994141 0.693220 0.777344 0.693220
0 0.768954 0.688144 0.764171 0.697542 0.636719 0.632673 0.641502 0.623275
0 0.833984 0.431501 0.851562 0.431501 0.851562 0.574079 0.833984 0.574079
0 0.834858 0.565570 0.850964 0.568835 0.828125 0.681501 0.812019 0.678236
0 0.400391 0.324079 0.412109 0.324079 0.412109 0.447126 0.400391 0.447126
0 0.430626 0.255910 0.443219 0.261234 0.415077 0.327795 0.402484 0.322471
0 0.429688 0.099470 0.441406 0.099470 0.441406 0.193220 0.429688 0.193220
0 0.564453 0.218611 0.576172 0.218611 0.576172 0.367048 0.564453 0.367048
0 0.789062 0.245954 0.774272 0.252208 0.761719 0.222517 0.776509 0.216263
0 0.855791 0.183269 0.863281 0.187361 0.826873 0.254005 0.819383 0.249913
0 0.850585 0.345263 0.837186 0.347979 0.819337 0.259927 0.832736 0.257210