0 0.650313 0.047897 0.670013 0.051890 0.644531 0.177595 0.624832 0.173602
0 0.625000 0.171736 0.642578 0.171736 0.642578 0.300642 0.625000 0.300642
0 0.621094 0.302595 0.636719 0.302595 0.636719 0.470564 0.621094 0.470564
0 0.621178 0.477797 0.639768 0.481565 0.626953 0.544782 0.608363 0.541014
0 0.607422 0.546736 0.621094 0.546736 0.621094 0.693220 0.607422 0.693220
0 0.608876 0.689732 0.624284 0.698149 0.570096 0.797340 0.554688 0.788923
0 0.553453 0.789772 0.570680 0.793265 0.557875 0.856433 0.540648 0.852941
0 0.541016 0.857282 0.558594 0.857282 0.558594 0.925642 0.541016 0.925642
0 0.529297 0.913923 0.546875 0.913923 0.546875 0.998047 0.529297 0.998047
0 0.687500 0.714704 0.703125 0.714704 0.703125 0.794782 0.687500 0.794782
0 0.732422 0.847517 0.711974 0.856162 0.685564 0.793697 0.706012 0.785052
0 0.707031 0.857282 0.722656 0.857282 0.722656 0.997907 0.707031 0.997907
0 0.712936 0.664890 0.728362 0.673318 0.703080 0.719596 0.687654 0.711169
0 0.714844 0.613142 0.730469 0.613142 0.730469 0.665876 0.714844 0.665876
0 0.721946 0.390299 0.737564 0.390768 0.731179 0.603563 0.715561 0.603094
0 0.732422 0.288923 0.746094 0.288923 0.746094 0.382673 0.732422 0.382673
0 0.739087 0.007377 0.753906 0.007673 0.748395 0.283196 0.733576 0.282899