0 0.566406 0.245954 0.583984 0.245954 0.583984 0.343611 0.566406 0.343611
0 0.576107 0.401615 0.591654 0.403175 0.584049 0.478966 0.568502 0.477406
0 0.005859 0.699079 0.064453 0.699079 0.064453 0.714704 0.005859 0.714704
0 0.069389 0.697670 0.125799 0.715120 0.121094 0.730329 0.064684 0.712880
0 0.117188 0.714704 0.156250 0.714704 0.156250 0.730329 0.117188 0.730329
0 0.151118 0.717286 0.209266 0.729073 0.207031 0.740095 0.148884 0.728308
0 0.262247 0.736985 0.212448 0.741982 0.211038 0.727928 0.260837 0.722932
0 0.261876 0.724927 0.307860 0.739151 0.302734 0.755720 0.256751 0.741496
0 0.301082 0.735213 0.419275 0.759172 0.416016 0.775251 0.297822 0.751292
0 0.496094 0.767439 0.420948 0.774978 0.419264 0.758196 0.494410 0.750656
0 0.625000 0.740095 0.498555 0.765727 0.494894 0.747668 0.621340 0.722037
0 0.716797 0.716657 0.625629 0.725805 0.624118 0.710748 0.715286 0.701600
0 0.803032 0.691638 0.717358 0.718140 0.711201 0.698237 0.796875 0.671735
0 0.873047 0.695173 0.998047 0.695173 0.998047 0.712751 0.873047 0.712751