0 0.000608 0.378219 0.384611 0.389743 0.384003 0.410004 0.000000 0.398480
0 0.385709 0.389868 0.698376 0.414935 0.696951 0.432712 0.384284 0.407645
0 0.703656 0.412165 0.998047 0.429849 0.997110 0.445446 0.702719 0.427762
0 0.552198 0.149082 0.568947 0.151442 0.532888 0.407321 0.516139 0.404961
0 0.577593 0.011614 0.592764 0.014532 0.566355 0.151852 0.551183 0.148934
0 0.534841 0.467868 0.518949 0.472784 0.500454 0.412995 0.516346 0.408079
0 0.503546 0.467679 0.518733 0.472377 0.489919 0.565524 0.474732 0.560826
0 0.483482 0.572477 0.503884 0.578788 0.472341 0.680759 0.451939 0.674447
0 0.456716 0.680759 0.472341 0.680759 0.472341 0.760837 0.456716 0.760837
0 0.441091 0.764743 0.456716 0.764743 0.456716 0.817477 0.441091 0.817477
0 0.497732 0.995212 0.480936 0.998616 0.445283 0.822733 0.462079 0.819329