0 0.003404 0.316664 0.069116 0.333443 0.065712 0.346774 0.000000 0.329995
0 0.112358 0.336415 0.071221 0.358888 0.062794 0.343462 0.103930 0.320989
0 0.110790 0.333873 0.279278 0.355901 0.277252 0.371394 0.108764 0.349366
0 0.346559 0.411390 0.334418 0.426689 0.277811 0.381768 0.289952 0.366469
0 0.343435 0.411227 0.403982 0.411227 0.403982 0.426852 0.343435 0.426852
0 0.441091 0.438571 0.585622 0.438571 0.585622 0.454196 0.441091 0.454196
0 0.600999 0.410098 0.614354 0.426927 0.576105 0.457279 0.562751 0.440450
0 0.648847 0.259179 0.664096 0.262589 0.627866 0.424603 0.612618 0.421194
0 0.652029 0.489352 0.635401 0.498436 0.600986 0.435439 0.617613 0.426355
0 0.307586 0.744079 0.321257 0.744215 0.318737 0.996156 0.305066 0.996019
0 0.998695 0.607773 0.907357 0.616937 0.905602 0.599447 0.996940 0.590283