0 0.108200 0.186926 0.010930 0.228052 0.003924 0.211483 0.101195 0.170357
0 0.171691 0.160159 0.109382 0.186503 0.102532 0.170301 0.164841 0.143958
0 0.168747 0.138098 0.204849 0.145416 0.199997 0.169348 0.163896 0.162030
0 0.277376 0.133327 0.205239 0.163826 0.198173 0.147113 0.270310 0.116614
0 0.286156 0.116427 0.328268 0.124964 0.324776 0.142191 0.282664 0.133655
0 0.426560 0.110754 0.316338 0.133097 0.313554 0.119362 0.423776 0.097019
0 0.441912 0.110448 0.455004 0.111761 0.446091 0.200598 0.432998 0.199285
0 0.422654 0.099036 0.485154 0.099036 0.485154 0.116614 0.422654 0.116614
0 0.533660 0.081828 0.486944 0.107349 0.481407 0.097213 0.528122 0.071692
0 0.524216 0.073645 0.584763 0.073645 0.584763 0.089270 0.524216 0.089270
0 0.635544 0.198645 0.623632 0.202330 0.589322 0.091415 0.601234 0.087730
0 0.672653 0.251380 0.659349 0.258648 0.629840 0.204632 0.643144 0.197364
0 0.631638 0.419348 0.616512 0.424027 0.586771 0.327883 0.601897 0.323204
0 0.616013 0.413489 0.629685 0.413489 0.629685 0.499426 0.616013 0.499426
0 0.613560 0.059094 0.582927 0.090635 0.569755 0.077842 0.600388 0.046301
0 0.594529 0.005286 0.608200 0.005286 0.608200 0.046301 0.594529 0.046301