0 0.007812 0.585798 0.105469 0.585798 0.105469 0.605329 0.007812 0.605329
0 0.171665 0.573259 0.108246 0.607904 0.099819 0.592478 0.163238 0.557832
0 0.227187 0.488437 0.238281 0.499860 0.172133 0.564104 0.161039 0.552681
0 0.291121 0.486445 0.226921 0.499459 0.222910 0.479671 0.287109 0.466657
0 0.293379 0.476743 0.342679 0.497587 0.335938 0.513532 0.286638 0.492689
0 0.474609 0.476423 0.346286 0.510560 0.341715 0.493376 0.470038 0.459240
0 0.531250 0.466657 0.481913 0.481919 0.476317 0.463831 0.525655 0.448569
0 0.589844 0.447126 0.552878 0.485187 0.540044 0.472722 0.577009 0.434661
0 0.811243 0.373452 0.813788 0.393039 0.745329 0.401933 0.742784 0.382347
0 0.748047 0.400251 0.590385 0.449022 0.586289 0.435782 0.743952 0.387012
0 0.864062 0.352102 0.870464 0.368567 0.816948 0.389373 0.810547 0.372907
0 0.914577 0.332951 0.924290 0.345191 0.878392 0.381613 0.868679 0.369374
0 0.929688 0.339704 0.982422 0.339704 0.982422 0.359236 0.929688 0.359236