0 0.725691 0.255004 0.829407 0.265411 0.828163 0.277808 0.724447 0.267402
0 0.743284 0.276117 0.698347 0.327270 0.684599 0.315193 0.729536 0.264040
0 0.907073 0.229416 0.815546 0.269196 0.807992 0.251816 0.899519 0.212036
0 0.998832 0.201478 0.911257 0.230500 0.905694 0.213713 0.993269 0.184692
0 0.965608 0.211612 0.979008 0.214328 0.960382 0.306209 0.946983 0.303493
0 0.984043 0.351285 0.970982 0.355325 0.953666 0.299349 0.966727 0.295308
0 0.967878 0.348754 0.985456 0.348754 0.985456 0.422973 0.967878 0.422973
0 0.965925 0.426879 0.981550 0.426879 0.981550 0.463989 0.965925 0.463989
0 0.943412 0.478492 0.925922 0.480247 0.916172 0.383079 0.933663 0.381324
0 0.918827 0.478942 0.937887 0.483204 0.911461 0.601379 0.892400 0.597117
0 0.926862 0.678832 0.906941 0.682664 0.889397 0.591441 0.909319 0.587610
0 0.976784 0.757256 0.961357 0.765683 0.906111 0.664555 0.921537 0.656128
0 0.715120 0.863614 0.728565 0.874938 0.679493 0.933197 0.666049 0.921873
0 0.586955 0.954069 0.593695 0.964566 0.540080 0.998991 0.533341 0.988495
0 0.618205 0.965788 0.629609 0.965788 0.629609 1.000000 0.618205 1.000000
0 0.696330 0.944304 0.713908 0.944304 0.713908 0.997038 0.696330 0.997038
0 0.742598 0.948084 0.789745 0.987796 0.780315 0.998991 0.733168 0.959280
0 0.952750 0.993621 0.865299 1.000000 0.863739 0.986848 0.951190 0.978074
0 0.971721 0.940397 0.982264 0.947610 0.953433 0.989751 0.942891 0.982538