0 0.646573 0.406038 0.664151 0.406038 0.664151 0.484163 0.646573 0.484163
0 0.642374 0.477669 0.659167 0.482864 0.633193 0.566829 0.616400 0.561634
0 0.636251 0.555343 0.572354 0.609163 0.558468 0.592676 0.622365 0.538856
0 0.583319 0.602875 0.600605 0.604609 0.582120 0.788850 0.564833 0.787116
0 0.726651 0.560335 0.742276 0.560335 0.742276 0.788850 0.726651 0.788850
0 0.711026 0.435335 0.728604 0.435335 0.728604 0.536897 0.711026 0.536897
0 0.783291 0.439241 0.724404 0.479528 0.713909 0.464188 0.772797 0.423901
0 0.895159 0.003526 0.909008 0.003942 0.904385 0.157991 0.890537 0.157576
0 0.886859 0.150184 0.902172 0.153288 0.871130 0.306423 0.855817 0.303319
0 0.962979 0.208772 0.957299 0.217618 0.884018 0.170564 0.889698 0.161719
0 0.990105 0.281003 0.975713 0.287087 0.947572 0.220526 0.961963 0.214442
0 0.958304 0.546579 0.978604 0.548616 0.957804 0.755918 0.937504 0.753882
0 0.941495 0.753694 0.957120 0.753694 0.957120 0.861116 0.941495 0.861116
0 0.800873 0.729391 0.810370 0.744182 0.736413 0.791670 0.726916 0.776878
0 0.779385 0.755647 0.798916 0.755647 0.798916 0.947054 0.779385 0.947054
0 0.791834 0.935875 0.804776 0.941194 0.781524 0.997761 0.768582 0.992441
0 0.845791 0.906038 0.861416 0.906038 0.861416 0.998047 0.845791 0.998047
0 0.902432 0.917757 0.918057 0.917757 0.918057 0.999788 0.902432 0.999788
0 0.872410 0.861590 0.861215 0.865053 0.838704 0.792283 0.849900 0.788820
0 0.853604 0.851350 0.869229 0.851350 0.869229 0.913850 0.853604 0.913850
0 0.843838 0.700960 0.857510 0.700960 0.857510 0.792757 0.843838 0.792757
0 0.847745 0.577913 0.859463 0.577913 0.859463 0.704866 0.847745 0.704866
0 0.899900 0.468541 0.911184 0.476261 0.848323 0.568144 0.837039 0.560424
0 0.782242 0.430986 0.854508 0.430986 0.854508 0.446611 0.782242 0.446611
0 0.866120 0.464636 0.753066 0.541980 0.743407 0.527862 0.856461 0.450517
0 0.882338 0.515632 0.868894 0.526956 0.828630 0.479153 0.842075 0.467829
0 0.869061 0.217183 0.879947 0.228391 0.793079 0.312758 0.782193 0.301550
0 0.575211 0.298174 0.729508 0.298174 0.729508 0.313799 0.575211 0.313799
0 0.016484 0.448092 0.032242 0.448564 0.015758 0.997875 0.000000 0.997402
0 0.042008 0.018877 0.058555 0.019539 0.041378 0.448747 0.024830 0.448085
0 0.868348 0.412740 0.926773 0.444658 0.920536 0.456075 0.862110 0.424157
0 0.959976 0.423174 0.975601 0.423174 0.975601 0.534502 0.959976 0.534502
0 0.921785 0.477639 0.969818 0.510500 0.956070 0.530595 0.908037 0.497734