0 0.229294 0.477942 0.212023 0.485244 0.165195 0.374487 0.182467 0.367185
0 0.248825 0.532629 0.232154 0.544035 0.200032 0.497082 0.216703 0.485677
0 0.247092 0.534135 0.340347 0.597934 0.328903 0.614661 0.235649 0.550862
0 0.426560 0.708411 0.415007 0.718141 0.327914 0.614740 0.339466 0.605010
0 0.408982 0.710364 0.463669 0.710364 0.463669 0.727942 0.408982 0.727942
0 0.508591 0.774817 0.492613 0.785748 0.451744 0.726011 0.467722 0.715079
0 0.358223 0.199595 0.424607 0.220130 0.418597 0.239558 0.352213 0.219023
0 0.526169 0.142005 0.437915 0.232875 0.426744 0.222026 0.514999 0.131156
0 0.560836 0.078988 0.573044 0.089270 0.530210 0.140124 0.518002 0.129842
0 0.646940 0.048385 0.578041 0.095522 0.568598 0.081719 0.637497 0.034583
0 0.722126 0.131283 0.711716 0.140051 0.644417 0.060151 0.654827 0.051383
0 0.721482 0.138098 0.821091 0.138098 0.821091 0.151770 0.721482 0.151770
0 0.861169 0.096926 0.871626 0.105734 0.837654 0.146067 0.827197 0.137260
0 0.368380 0.189877 0.352189 0.196723 0.318724 0.117569 0.334914 0.110724
0 0.324709 0.099875 0.315464 0.114273 0.160935 0.015051 0.170180 0.000653
0 0.143357 0.069739 0.207810 0.069739 0.207810 0.087317 0.143357 0.087317
0 0.279597 0.135234 0.264629 0.150646 0.204382 0.092134 0.219350 0.076722
0 0.245734 0.148169 0.266259 0.154518 0.246057 0.219824 0.225533 0.213475
0 0.227341 0.218176 0.241013 0.218176 0.241013 0.282629 0.227341 0.282629