0 0.412109 0.501814 0.429688 0.501814 0.429688 0.613142 0.412109 0.613142
0 0.456167 0.432777 0.469879 0.440268 0.430552 0.512257 0.416839 0.504766
0 0.409678 0.368169 0.424992 0.371274 0.410635 0.442099 0.395321 0.438994
0 0.432682 0.319592 0.445275 0.324916 0.424739 0.373488 0.412147 0.368164
0 0.433624 0.320533 0.420562 0.324573 0.400361 0.259267 0.413422 0.255226
0 0.410470 0.611269 0.424861 0.619131 0.400391 0.663923 0.385999 0.656061
0 0.388672 0.660017 0.406250 0.660017 0.406250 0.722517 0.388672 0.722517
0 0.589844 0.857282 0.607422 0.857282 0.607422 0.931501 0.589844 0.931501
0 0.585114 0.925064 0.599609 0.929548 0.579274 0.995287 0.564779 0.990803
0 0.634200 0.809420 0.648437 0.824079 0.608249 0.863111 0.594011 0.848452
0 0.895617 0.198047 0.897941 0.211520 0.805555 0.227455 0.803231 0.213982
0 0.964844 0.181501 0.905753 0.213782 0.896335 0.196542 0.955426 0.164261
0 0.725948 0.551878 0.713022 0.553175 0.699965 0.423032 0.712891 0.421735
0 0.731667 0.371252 0.741312 0.379376 0.697145 0.431813 0.687500 0.423689