0 0.989362 0.108520 0.999563 0.114093 0.969955 0.168290 0.959755 0.162717
0 0.999128 0.194458 0.983261 0.203126 0.960407 0.161292 0.976275 0.152624
0 0.905378 0.639770 0.921003 0.639770 0.921003 0.710082 0.905378 0.710082
0 0.943548 0.730264 0.926863 0.739379 0.907426 0.703801 0.924112 0.694686
0 0.974440 0.787986 0.956159 0.797973 0.920716 0.733094 0.938996 0.723108
0 0.983503 0.651489 0.999740 0.668206 0.947281 0.719155 0.931044 0.702438
0 0.993269 0.626098 1.000000 0.626098 1.000000 0.679947 0.993269 0.679947
0 0.952992 0.779394 0.967765 0.784620 0.949448 0.836402 0.934675 0.831176
0 0.962358 0.904303 0.944868 0.906058 0.936289 0.820550 0.953779 0.818795
0 0.969831 0.967895 0.951723 0.969712 0.944194 0.894666 0.962302 0.892849
0 0.946251 0.945807 0.960066 0.951812 0.939971 0.998047 0.926156 0.992042