0 0.002060 0.381571 0.157977 0.392503 0.156820 0.409005 0.000903 0.398073
0 0.158996 0.397685 0.222940 0.417465 0.218687 0.431212 0.154743 0.411432
0 0.224547 0.411681 0.259703 0.411681 0.259703 0.425353 0.224547 0.425353
0 0.263970 0.413369 0.292906 0.433166 0.284954 0.444789 0.256018 0.424993
0 0.369618 0.433441 0.289864 0.440639 0.288460 0.425077 0.368214 0.417880
0 0.371457 0.416768 0.544971 0.511558 0.536373 0.527297 0.362859 0.432506
0 0.548393 0.489783 0.690044 0.518497 0.685387 0.541467 0.543737 0.512753
0 0.727779 0.521438 0.686361 0.538949 0.679604 0.522968 0.721022 0.505457
0 0.721919 0.515578 0.769301 0.547993 0.760365 0.561054 0.712984 0.528639
0 0.799131 0.509311 0.876216 0.533156 0.869639 0.554419 0.792554 0.530573
0 0.260920 0.460752 0.282405 0.460752 0.282405 0.656065 0.260920 0.656065