0 0.416634 0.021057 0.431817 0.025754 0.410245 0.095491 0.395061 0.090794
0 0.431729 0.128694 0.413824 0.136264 0.395546 0.093034 0.413451 0.085463
0 0.410245 0.126741 0.425870 0.126741 0.425870 0.173616 0.410245 0.173616
0 0.410545 0.168630 0.427564 0.182965 0.392108 0.225061 0.375088 0.210725
0 0.449307 0.277132 0.431342 0.286946 0.388552 0.208619 0.406517 0.198805
0 0.421767 0.275308 0.439420 0.280769 0.412272 0.368530 0.394620 0.363069
0 0.396573 0.361116 0.416104 0.361116 0.416104 0.417757 0.396573 0.417757
0 0.395222 0.407359 0.415547 0.413647 0.395414 0.478732 0.375088 0.472444
0 0.455167 0.456819 0.439440 0.467578 0.409383 0.423643 0.425109 0.412884
0 0.406338 0.902132 0.425870 0.902132 0.425870 0.990022 0.406338 0.990022
0 0.420001 0.898019 0.406565 0.905359 0.365323 0.829866 0.378759 0.822526