0 0.109679 0.593516 0.006680 0.603851 0.004925 0.586360 0.107924 0.576026
0 0.351803 0.574672 0.262408 0.583642 0.260848 0.568095 0.350243 0.559125
0 0.502164 0.552601 0.362242 0.566640 0.360487 0.549150 0.500409 0.535111
0 0.468435 0.450290 0.487966 0.450290 0.487966 0.545993 0.468435 0.545993
0 0.515310 0.378024 0.527521 0.384695 0.488442 0.456229 0.476231 0.449558
0 0.379220 0.759727 0.280108 0.769671 0.278353 0.752181 0.377465 0.742237
0 0.483993 0.640045 0.500113 0.651073 0.437252 0.742956 0.421132 0.731928
0 0.376638 0.729587 0.423513 0.729587 0.423513 0.751071 0.376638 0.751071
0 0.546560 0.626071 0.504365 0.649122 0.496407 0.634556 0.538602 0.611504
0 0.143783 0.756291 0.070596 0.817936 0.061264 0.806856 0.134451 0.745212
0 0.174429 0.824688 0.185713 0.832407 0.139394 0.900111 0.128110 0.892391
0 0.069262 0.787903 0.057016 0.800512 0.002373 0.747443 0.014620 0.734833
0 0.046764 0.799382 0.056289 0.809190 0.017059 0.847291 0.007534 0.837483
0 0.079514 0.874910 0.009300 0.922946 0.000000 0.909353 0.070215 0.861316
0 0.120864 0.897059 0.128884 0.903815 0.069997 0.973727 0.061977 0.966972