0 0.669195 0.635711 0.854409 0.773611 0.841174 0.791387 0.655960 0.653487
0 0.865825 0.770639 0.901721 0.826543 0.885730 0.836810 0.849835 0.780907
0 0.981545 0.995013 0.955098 0.997934 0.939727 0.858761 0.966174 0.855840
0 0.910390 0.813974 0.954455 0.844121 0.942162 0.862089 0.898097 0.831943
0 0.350940 0.922246 0.378153 0.922246 0.378153 1.000000 0.350940 1.000000
0 0.516955 0.797246 0.376510 0.928084 0.362512 0.913059 0.502958 0.782221
0 0.528062 0.696241 0.542346 0.703496 0.501612 0.783686 0.487329 0.776431
0 0.533834 0.719105 0.686877 0.758184 0.681757 0.778235 0.528714 0.739157
0 0.524881 0.699513 0.498412 0.707701 0.442736 0.527715 0.469205 0.519527
0 0.450497 0.520799 0.427238 0.533505 0.321643 0.340215 0.344902 0.327508
0 0.371725 0.122350 0.396494 0.127371 0.356376 0.325281 0.331607 0.320260