0 0.267239 0.030924 0.253824 0.035074 0.244862 0.006103 0.258277 0.001953
0 0.265273 0.023019 0.276469 0.026482 0.257999 0.086191 0.246803 0.082728
0 0.249974 0.067910 0.262352 0.069152 0.255777 0.134683 0.243399 0.133441
0 0.249917 0.134683 0.263589 0.134683 0.263589 0.232339 0.249917 0.232339
0 0.076089 0.351480 0.111246 0.351480 0.111246 0.363199 0.076089 0.363199
0 0.132849 0.352654 0.269449 0.355386 0.269148 0.370441 0.132548 0.367708
0 0.126871 0.335855 0.115901 0.336956 0.110815 0.286268 0.121785 0.285167
0 0.271402 0.357339 0.412027 0.357339 0.412027 0.367105 0.271402 0.367105
0 0.287802 0.539584 0.279742 0.545098 0.225704 0.466111 0.233764 0.460596
0 0.273193 0.533995 0.285262 0.539097 0.260032 0.598770 0.247964 0.593667
0 0.284276 0.634000 0.271683 0.639324 0.252668 0.594350 0.265261 0.589026
0 0.294839 0.677652 0.285846 0.680434 0.268775 0.625246 0.277768 0.622464
0 0.279214 0.683511 0.290933 0.683511 0.290933 0.757730 0.279214 0.757730
0 0.285074 0.755777 0.294839 0.755777 0.294839 0.849527 0.285074 0.849527
0 0.310464 0.892495 0.297687 0.895086 0.289315 0.853787 0.302093 0.851197
0 0.144620 0.986599 0.131028 0.998047 0.087112 0.945908 0.100703 0.934459