0 0.671242 0.689453 0.704445 0.689453 0.704445 0.699219 0.671242 0.699219
0 0.673672 0.700751 0.640567 0.707118 0.638672 0.697266 0.671777 0.690899
0 0.615234 0.695312 0.640625 0.695312 0.640625 0.705078 0.615234 0.705078
0 0.620374 0.700840 0.615235 0.710938 0.584065 0.695073 0.589204 0.684976
0 0.593750 0.701172 0.555114 0.709004 0.552734 0.697266 0.591371 0.689434
0 0.553179 0.715367 0.501496 0.725844 0.499556 0.716273 0.551239 0.705796
0 0.468750 0.716797 0.503906 0.716797 0.503906 0.726562 0.468750 0.726562
0 0.472656 0.730469 0.438788 0.740946 0.435547 0.730469 0.469415 0.719992
0 0.440115 0.726194 0.449498 0.732613 0.433594 0.755859 0.424211 0.749440
0 0.423828 0.748047 0.433980 0.754992 0.416016 0.781250 0.405864 0.774305
0 0.414407 0.780675 0.397174 0.789867 0.392578 0.781250 0.409811 0.772058
0 0.367188 0.775391 0.394531 0.775391 0.394531 0.787109 0.367188 0.787109
0 0.375815 0.801092 0.334233 0.805264 0.333418 0.797141 0.375000 0.792969
0 0.363281 0.779297 0.375000 0.779297 0.375000 0.798828 0.363281 0.798828
0 0.345703 0.814453 0.307718 0.826203 0.304687 0.816406 0.342673 0.804656
0 0.302659 0.826302 0.263447 0.834250 0.261109 0.822712 0.300320 0.814764
0 0.244141 0.814453 0.259766 0.814453 0.259766 0.830078 0.244141 0.830078
0 0.225455 0.842227 0.220703 0.851562 0.182950 0.832347 0.187701 0.823012
0 0.243250 0.823186 0.249360 0.829477 0.224609 0.853516 0.218500 0.847225
0 0.190403 0.835948 0.164062 0.869141 0.157977 0.864312 0.184318 0.831119
0 0.103505 0.871084 0.162099 0.871084 0.162099 0.884755 0.103505 0.884755