0 0.705078 0.218610 0.689639 0.221740 0.666663 0.108400 0.682103 0.105270
0 0.686179 0.213856 0.705776 0.215823 0.697266 0.300642 0.677669 0.298676
0 0.716797 0.398298 0.700267 0.401649 0.680296 0.303128 0.696826 0.299778
0 0.728820 0.475670 0.744013 0.478749 0.718750 0.603376 0.703557 0.600296
0 0.693359 0.601423 0.710938 0.601423 0.710938 0.675642 0.693359 0.675642
0 0.755859 0.786970 0.738922 0.794131 0.689523 0.677291 0.706460 0.670130
0 0.742188 0.792829 0.759766 0.792829 0.759766 0.867048 0.742188 0.867048
0 0.802734 0.911970 0.790383 0.924687 0.742221 0.877912 0.754573 0.865195
0 0.781250 0.910017 0.800781 0.910017 0.800781 0.976423 0.781250 0.976423
0 0.746050 0.481024 0.728061 0.488630 0.695356 0.411275 0.713345 0.403669
0 0.676932 0.044071 0.689993 0.048111 0.672677 0.104088 0.659616 0.100048
0 0.768235 0.041561 0.680182 0.059411 0.677078 0.044097 0.765131 0.026248
0 0.873703 0.018118 0.766508 0.039847 0.763016 0.022619 0.870211 0.000890
0 0.874305 0.002067 0.996025 0.014280 0.994141 0.033064 0.872420 0.020851
0 0.687500 0.042829 0.677876 0.052739 0.635205 0.011296 0.644829 0.001387