0 0.003906 0.132673 0.082031 0.132673 0.082031 0.156111 0.003906 0.156111
0 0.081028 0.132284 0.193655 0.179902 0.185547 0.199079 0.072920 0.151462
0 0.190453 0.179413 0.279290 0.197421 0.275391 0.216657 0.186554 0.198649
0 0.335937 0.210798 0.273874 0.223379 0.270090 0.204713 0.332154 0.192132
0 0.375000 0.232282 0.358155 0.246470 0.324257 0.206225 0.341102 0.192037
0 0.370459 0.232870 0.447855 0.256812 0.443359 0.271345 0.365963 0.247403
0 0.498335 0.236311 0.452262 0.267831 0.444161 0.255990 0.490234 0.224470
0 0.486328 0.230329 0.531250 0.230329 0.531250 0.251814 0.486328 0.251814
0 0.519531 0.253767 0.537109 0.253767 0.537109 0.290876 0.519531 0.290876
0 0.531091 0.267238 0.714844 0.324079 0.708818 0.343559 0.525065 0.286718
0 0.793691 0.383996 0.779870 0.401412 0.707031 0.343610 0.720852 0.326194
0 0.780828 0.381375 0.998151 0.403180 0.996094 0.423689 0.778770 0.401883