0 0.790845 0.063914 0.804449 0.065279 0.793139 0.177994 0.779536 0.176629
0 0.812500 0.259626 0.794387 0.261444 0.784722 0.165118 0.802835 0.163300
0 0.794431 0.255083 0.809427 0.258123 0.798828 0.310407 0.783832 0.307368
0 0.789062 0.304548 0.794922 0.304548 0.794922 0.365095 0.789062 0.365095
0 0.683594 0.273298 0.705465 0.273954 0.685086 0.953066 0.663214 0.952410
0 0.704937 0.285362 0.692345 0.290686 0.664203 0.224125 0.676796 0.218801
0 0.697860 0.996028 0.682546 0.999132 0.673234 0.953191 0.688547 0.950087
0 0.697944 0.611175 0.742188 0.624861 0.736112 0.644500 0.691869 0.630814
0 0.761719 0.677595 0.745457 0.682625 0.729375 0.630636 0.745637 0.625606
0 0.683594 0.060407 0.789062 0.060407 0.789062 0.074079 0.683594 0.074079
0 0.916051 0.062710 0.805027 0.085215 0.802699 0.073730 0.913723 0.051225
0 0.916315 0.049672 0.985226 0.063641 0.982122 0.078955 0.913211 0.064986
0 0.737911 0.030114 0.647238 0.053267 0.642578 0.035017 0.733251 0.011864
0 0.654297 0.066267 0.504961 0.129405 0.498062 0.113087 0.647398 0.049949
0 0.495915 0.121763 0.402566 0.140685 0.398839 0.122299 0.492188 0.103376