0 0.683916 0.001430 0.705612 0.005828 0.664063 0.210798 0.642366 0.206400
0 0.716797 0.382673 0.691417 0.390524 0.639720 0.223401 0.665100 0.215550
0 0.697266 0.382673 0.726562 0.382673 0.726562 0.560407 0.697266 0.560407
0 0.754292 0.725089 0.733637 0.730144 0.693899 0.567758 0.714554 0.562704
0 0.781250 0.769392 0.765628 0.775997 0.742386 0.721025 0.758008 0.714420
0 0.759766 0.767439 0.783203 0.767439 0.783203 0.859236 0.759766 0.859236
0 0.820312 0.978376 0.800386 0.982415 0.776431 0.864240 0.796357 0.860201
0 0.137866 0.451068 0.012131 0.537088 0.000000 0.519356 0.125735 0.433336
0 0.322266 0.351423 0.138406 0.451866 0.130490 0.437375 0.314350 0.336933
0 0.306641 0.337751 0.412109 0.337751 0.412109 0.359236 0.306641 0.359236
0 0.628906 0.226423 0.424577 0.357391 0.413631 0.340313 0.617959 0.209344