0 0.454587 0.083157 0.444870 0.084132 0.436875 0.004454 0.446592 0.003479
0 0.458903 0.189372 0.447305 0.189488 0.446307 0.089755 0.457906 0.089639
0 0.441372 0.190213 0.447574 0.195652 0.426043 0.220202 0.419841 0.214762
0 0.435424 0.259158 0.425697 0.260036 0.421835 0.217241 0.431562 0.216364
0 0.451091 0.298747 0.440856 0.301912 0.429527 0.265287 0.439761 0.262121
0 0.454997 0.337809 0.442407 0.339072 0.438229 0.297437 0.450819 0.296174
0 0.439372 0.337809 0.450400 0.340045 0.439372 0.394450 0.428343 0.392214
0 0.433512 0.394450 0.443278 0.394450 0.443278 0.447184 0.433512 0.447184
0 0.265843 0.430387 0.641031 0.449162 0.640544 0.458903 0.265356 0.440128
0 0.474528 0.507731 0.465287 0.509604 0.456485 0.466181 0.465726 0.464308
0 0.457979 0.527658 0.465789 0.530074 0.447182 0.590225 0.439372 0.587809
0 0.439372 0.587809 0.449137 0.587809 0.449137 0.658122 0.439372 0.658122
0 0.345842 0.501894 0.356427 0.504040 0.333903 0.615153 0.323318 0.613007
0 0.344114 0.677994 0.334543 0.679934 0.321738 0.616765 0.331309 0.614825
0 0.326090 0.687419 0.335856 0.687419 0.335856 0.816325 0.326090 0.816325
0 0.357125 0.879517 0.345930 0.882980 0.326306 0.819539 0.337501 0.816076
0 0.445231 0.806559 0.437582 0.810738 0.424841 0.787414 0.432489 0.783236
0 0.423747 0.751872 0.433512 0.751872 0.433512 0.785075 0.423747 0.785075
0 0.432454 0.805164 0.444842 0.808996 0.433512 0.845622 0.421124 0.841790
0 0.440221 0.901633 0.430505 0.902608 0.424850 0.846251 0.434567 0.845276
0 0.480469 0.955992 0.473000 0.962283 0.431478 0.912986 0.438947 0.906695
0 0.474528 0.960856 0.484294 0.960856 0.484294 0.999919 0.474528 0.999919
0 0.326091 0.910075 0.335136 0.910982 0.326360 0.998451 0.317314 0.997544
0 0.352058 0.881229 0.359748 0.890723 0.335856 0.910075 0.328166 0.900581