0 0.439541 0.003694 0.453213 0.003694 0.453213 0.118929 0.439541 0.118929
0 0.447490 0.129932 0.269835 0.135263 0.269484 0.123550 0.447138 0.118219
0 0.447354 0.115022 0.625088 0.115022 0.625088 0.126741 0.447354 0.126741
0 0.443470 0.118539 0.455131 0.119709 0.447331 0.197443 0.435671 0.196273
0 0.443363 0.190994 0.455670 0.192229 0.449307 0.255647 0.437000 0.254413
0 0.440714 0.239577 0.454114 0.242293 0.440145 0.311204 0.426746 0.308488
0 0.431641 0.306641 0.445312 0.306641 0.445312 0.351562 0.431641 0.351562
0 0.423828 0.337891 0.433754 0.340961 0.423828 0.373047 0.413903 0.369977
0 0.416016 0.367188 0.427734 0.367188 0.427734 0.404297 0.416016 0.404297
0 0.258067 0.420923 0.339844 0.437500 0.337588 0.448629 0.255811 0.432052
0 0.470238 0.452660 0.552734 0.460938 0.551539 0.472850 0.469043 0.464573
0 0.386719 0.423828 0.396484 0.423828 0.396484 0.478516 0.386719 0.478516
0 0.399092 0.556021 0.389375 0.556996 0.384111 0.504525 0.393828 0.503551
0 0.459764 0.506485 0.465041 0.514702 0.397657 0.557969 0.392381 0.549751
0 0.386005 0.560312 0.399665 0.560722 0.392578 0.796875 0.378918 0.796465
0 0.396484 0.861328 0.386890 0.862291 0.380603 0.799623 0.390197 0.798660
0 0.402344 0.902344 0.394749 0.904693 0.381608 0.862214 0.389203 0.859864
0 0.393083 0.905982 0.402800 0.906957 0.394026 0.994409 0.384309 0.993434
0 0.312500 0.830078 0.320312 0.830078 0.320312 0.958984 0.312500 0.958984
0 0.312500 0.953125 0.321890 0.954067 0.317287 0.999946 0.307897 0.999004
0 0.254044 0.816290 0.461034 0.820431 0.460800 0.832147 0.253810 0.828007
0 0.485003 0.774602 0.482910 0.780728 0.330078 0.728516 0.332171 0.722389
0 0.320312 0.742188 0.332031 0.742188 0.332031 0.818359 0.320312 0.818359
0 0.334306 0.628725 0.342366 0.634239 0.300459 0.695494 0.292399 0.689980
0 0.341184 0.631395 0.335557 0.636134 0.294922 0.587891 0.300549 0.583151
0 0.326172 0.513672 0.335938 0.513672 0.335938 0.615234 0.326172 0.615234