0 0.000088 0.265413 0.064541 0.265413 0.064541 0.279085 0.000088 0.279085
0 0.142900 0.242521 0.063435 0.276118 0.059135 0.265947 0.138600 0.232350
0 0.720631 0.001881 0.728444 0.001881 0.728444 0.046803 0.720631 0.046803
0 0.715506 0.047348 0.726332 0.049542 0.721691 0.072435 0.710866 0.070241
0 0.732350 0.099538 0.719674 0.102107 0.712819 0.068288 0.725495 0.065718
0 0.716147 0.098426 0.722307 0.102641 0.697495 0.138908 0.691334 0.134694
0 0.691335 0.134694 0.701100 0.134694 0.701100 0.177663 0.691335 0.177663
0 0.690106 0.176004 0.697576 0.182295 0.635922 0.255493 0.628453 0.249202
0 0.732057 0.210020 0.725254 0.217026 0.691627 0.184368 0.698431 0.177362
0 0.895112 0.252525 0.846125 0.302964 0.839120 0.296160 0.888107 0.245721
0 0.929598 0.235561 0.889810 0.257297 0.885922 0.250180 0.925709 0.228444
0 0.925846 0.191406 0.935612 0.191406 0.935612 0.234375 0.925846 0.234375
0 0.781315 0.576172 0.820377 0.576172 0.820377 0.589844 0.781315 0.589844
0 0.819362 0.582000 0.876334 0.613124 0.873047 0.619141 0.816075 0.588016
0 0.873047 0.609375 0.931641 0.609375 0.931641 0.619141 0.873047 0.619141
0 0.777344 0.580078 0.785649 0.587073 0.742188 0.638672 0.733883 0.631677
0 0.742496 0.639791 0.677413 0.652983 0.675473 0.643413 0.740556 0.630220
0 0.662109 0.669922 0.673828 0.669922 0.673828 0.726562 0.662109 0.726562
0 0.677348 0.751609 0.666016 0.753906 0.660543 0.726907 0.671875 0.724609
0 0.663886 0.747750 0.672993 0.751600 0.662109 0.777344 0.653002 0.773493
0 0.654297 0.773438 0.666016 0.773438 0.666016 0.808594 0.654297 0.808594
0 0.658203 0.806641 0.667969 0.806641 0.667969 0.867188 0.658203 0.867188
0 0.667969 0.943359 0.633776 0.962039 0.628769 0.952875 0.662962 0.934195
0 0.652344 0.871094 0.666016 0.871094 0.666016 0.937500 0.652344 0.937500