0 0.436325 0.102942 0.422343 0.105776 0.402619 0.008472 0.416601 0.005637
0 0.418747 0.095129 0.434372 0.095129 0.434372 0.214270 0.418747 0.214270
0 0.417589 0.305981 0.404190 0.308697 0.390609 0.241700 0.404008 0.238984
0 0.430217 0.223354 0.395859 0.252293 0.385793 0.240343 0.420151 0.211403
0 0.432419 0.364661 0.415072 0.368177 0.403311 0.310157 0.420658 0.306640
0 0.407029 0.370520 0.422654 0.370520 0.422654 0.462317 0.407029 0.462317
0 0.235850 0.453059 0.616013 0.472083 0.615181 0.488709 0.235018 0.469685
0 0.299607 0.718176 0.311325 0.718176 0.311325 0.864661 0.299607 0.864661
0 0.332810 0.921301 0.322398 0.925703 0.299747 0.872128 0.310159 0.867726
0 0.299607 0.933020 0.309372 0.933020 0.309372 0.999426 0.299607 0.999426
0 0.421240 0.943735 0.405693 0.945294 0.396723 0.855899 0.412270 0.854340
0 0.454725 0.990556 0.441013 0.998047 0.410113 0.941484 0.423825 0.933993
0 0.449997 0.559973 0.433946 0.561584 0.425686 0.479259 0.441737 0.477649
0 0.432175 0.554400 0.445057 0.558385 0.417958 0.645990 0.405075 0.642004
0 0.430030 0.713315 0.414484 0.714874 0.407464 0.644913 0.423011 0.643353