0 0.648569 0.067813 0.664162 0.068750 0.652344 0.265485 0.636750 0.264549
0 0.655270 0.264747 0.670197 0.269365 0.649418 0.336537 0.634491 0.331919
0 0.637987 0.342954 0.653300 0.346058 0.635451 0.434111 0.620137 0.431007
0 0.617315 0.444087 0.630859 0.445173 0.586558 0.997756 0.573014 0.996670
0 0.638672 0.861189 0.628244 0.871925 0.594123 0.838786 0.604550 0.828049
0 0.707031 0.861189 0.630752 0.876651 0.627453 0.860381 0.703733 0.844918
0 0.708300 0.847509 0.781332 0.878387 0.775391 0.892439 0.702359 0.861561
0 0.791192 0.869127 0.841352 0.896530 0.833984 0.910017 0.783824 0.882614
0 0.833984 0.896345 0.884766 0.896345 0.884766 0.913923 0.833984 0.913923
0 0.888672 0.910017 0.951172 0.910017 0.951172 0.923689 0.888672 0.923689
0 0.982621 0.852111 0.998906 0.861007 0.966797 0.919782 0.950512 0.910886
0 0.990688 0.842900 0.899349 0.852065 0.897984 0.838461 0.989323 0.829297
0 0.897266 0.846153 0.910161 0.851605 0.889844 0.899662 0.876948 0.894209