0 0.479364 0.070557 0.838344 0.095727 0.837153 0.112708 0.478173 0.087538
0 0.635981 0.173254 0.649653 0.173254 0.649653 0.329504 0.635981 0.329504
0 0.671138 0.356848 0.653414 0.368973 0.624798 0.327146 0.642522 0.315021
0 0.648567 0.360254 0.663779 0.363337 0.649653 0.433020 0.634441 0.429937
0 0.637934 0.423254 0.657466 0.423254 0.657466 0.497473 0.637934 0.497473
0 0.637459 0.475842 0.652343 0.486024 0.616450 0.538489 0.601566 0.528306
0 0.604471 0.532128 0.623905 0.534078 0.604991 0.722584 0.585558 0.720634
0 0.452078 0.765412 0.822854 0.802614 0.821528 0.815833 0.450751 0.778631
0 0.596919 0.901770 0.579791 0.901941 0.578696 0.792457 0.595824 0.792286
0 0.606684 0.991614 0.589281 0.993360 0.579474 0.895610 0.596876 0.893864
0 0.671138 0.878333 0.688716 0.878333 0.688716 0.974036 0.671138 0.974036
0 0.708963 0.857401 0.695168 0.860197 0.684985 0.809962 0.698780 0.807166
0 0.708963 0.863260 0.686989 0.885885 0.676107 0.875316 0.698081 0.852691