0 0.661794 0.713962 0.644675 0.717432 0.618135 0.586503 0.635254 0.583033
0 0.769165 0.698262 0.683279 0.770602 0.672220 0.757473 0.758106 0.685132
0 0.695171 0.744714 0.684244 0.758483 0.645996 0.728131 0.656923 0.714362
0 0.660936 0.763174 0.671822 0.774382 0.615778 0.828812 0.604892 0.817604
0 0.685119 0.860720 0.670611 0.870646 0.628704 0.809390 0.643212 0.799465
0 0.774278 0.752904 0.787990 0.760395 0.728998 0.868379 0.715286 0.860888
0 0.752799 0.819915 0.740607 0.828256 0.689138 0.753024 0.701330 0.744683
0 0.794607 0.788180 0.812185 0.788180 0.812185 0.874118 0.794607 0.874118
0 0.846261 0.908963 0.834977 0.916682 0.807406 0.876383 0.818690 0.868663
0 0.768045 0.905394 0.756095 0.915460 0.719606 0.872139 0.731556 0.862073
0 0.741269 0.920806 0.755777 0.930732 0.724898 0.975867 0.710390 0.965942
0 0.786890 0.866044 0.799137 0.878654 0.761308 0.915395 0.749061 0.902785
0 0.587474 0.891405 0.573677 0.891819 0.562185 0.508884 0.575982 0.508470