0 0.053125 0.0816406 0.0566406 0.0628906 0.282617 0.104102 0.279297 0.122852
0 0 0.0734375 0.0455078 0.06875 0.0470703 0.0851563 0.0015625 0.0898438
0 0.282227 0.100391 0.441406 0.084375 0.443359 0.105664 0.284375 0.12168
0 0.444531 0.0785156 0.578125 0.0609375 0.580664 0.0804688 0.44707 0.0978516
0 0.580078 0.0609375 0.695312 0.0609375 0.695312 0.0824219 0.580078 0.0824219
0 0.694727 0.0794922 0.701758 0.0591797 0.807031 0.0953125 0.8 0.115625
0 0.880273 0.150391 0.890625 0.13125 0.995117 0.188477 0.984766 0.207422
0 0.797852 0.113281 0.805859 0.0984375 0.855469 0.125391 0.847266 0.140234
0 0.865234 0.111914 0.892578 0.123438 0.885938 0.139063 0.858594 0.127539
0 0 0.924609 0.00644531 0.909375 0.0605469 0.932031 0.0539063 0.947461
0 0.0509766 0.957617 0.0582031 0.944531 0.125 0.980859 0.117773 0.994141
0 0.125391 0.970703 0.185547 0.982812 0.182422 0.997852 0.122461 0.985742
0 0.289648 0.962891 0.378906 0.980859 0.375 0.999805 0.285742 0.981836
0 0.203125 0.984375 0.257812 0.984375 0.257812 0.998047 0.203125 0.998047
