0 0.107668 0.247199 0.007934 0.266380 0.004983 0.251037 0.104718 0.231856
0 0.109383 0.241396 0.155935 0.243259 0.155285 0.259490 0.108733 0.257627
0 0.261614 0.297960 0.255544 0.313571 0.151641 0.273175 0.157710 0.257564
0 0.191358 0.160701 0.205025 0.174773 0.146164 0.231939 0.132498 0.217868
0 0.211925 0.158215 0.249692 0.184053 0.239919 0.198337 0.202153 0.172499
0 0.280457 0.140281 0.293901 0.151605 0.259929 0.191939 0.246484 0.180615
0 0.354446 0.149935 0.296603 0.167828 0.291408 0.151035 0.349251 0.133142
0 0.360426 0.129357 0.403601 0.147611 0.396756 0.163801 0.353581 0.145547
0 0.399566 0.142782 0.505544 0.153415 0.503336 0.175431 0.397357 0.164797
0 0.499886 0.165302 0.552131 0.181463 0.546359 0.200122 0.494114 0.183961
0 0.674069 0.182093 0.545806 0.194962 0.544051 0.177471 0.672314 0.164602
0 0.681705 0.179409 0.753359 0.209704 0.745779 0.227634 0.674125 0.197339
0 0.821980 0.194546 0.761989 0.227319 0.753562 0.211893 0.813553 0.179120
0 0.825857 0.186618 0.909841 0.186618 0.909841 0.204196 0.825857 0.204196
0 0.916141 0.176713 0.997763 0.184902 0.995813 0.204336 0.914191 0.196146