0 0.689511 0.000000 0.707149 0.003575 0.701172 0.033064 0.683534 0.029488
0 0.708984 0.095564 0.695411 0.096926 0.689698 0.039986 0.703271 0.038624
0 0.694032 0.095043 0.707609 0.097795 0.689453 0.187361 0.675876 0.184608
0 0.663240 0.291663 0.681774 0.301789 0.650391 0.359235 0.631856 0.349110
0 0.669922 0.417829 0.653753 0.422831 0.632447 0.353953 0.648615 0.348951
0 0.655944 0.416606 0.668537 0.421930 0.635071 0.501084 0.622479 0.495760
0 0.637507 0.582002 0.619141 0.583845 0.610014 0.492885 0.628381 0.491042
0 0.616734 0.582961 0.631125 0.589046 0.609829 0.639416 0.595437 0.633332
0 0.634766 0.675642 0.616207 0.683488 0.596352 0.636527 0.614911 0.628681
0 0.638672 0.720564 0.620683 0.726128 0.607634 0.683944 0.625623 0.678379
0 0.619469 0.719316 0.632365 0.728139 0.599281 0.776498 0.586385 0.767676
0 0.638317 0.714896 0.686888 0.735432 0.680043 0.751622 0.631471 0.731086
0 0.589844 0.773298 0.605469 0.773298 0.605469 0.810407 0.589844 0.810407
0 0.609375 0.837751 0.625000 0.837751 0.625000 0.904157 0.609375 0.904157
0 0.603335 0.908008 0.619455 0.919036 0.584165 0.970619 0.568045 0.959591