0 0.121600 0.355222 0.110069 0.371693 0.062005 0.338043 0.073536 0.321572
0 0.139855 0.424466 0.123206 0.430543 0.103131 0.375546 0.119779 0.369469
0 0.005797 0.915587 0.105709 0.935840 0.101500 0.956603 0.001588 0.936350
0 0.120856 0.903349 0.140562 0.911681 0.111441 0.980560 0.091734 0.972228
0 0.630797 0.894103 0.651494 0.894103 0.651494 0.999572 0.630797 0.999572
0 0.732359 0.007384 0.746142 0.008767 0.734678 0.123028 0.720895 0.121645
0 0.736955 0.120199 0.752365 0.123003 0.738219 0.200744 0.722809 0.197940
0 0.767516 0.274962 0.747995 0.278920 0.730317 0.191713 0.749838 0.187755
0 0.740545 0.274678 0.755563 0.282882 0.729799 0.330042 0.714781 0.321837
0 0.722594 0.323790 0.749937 0.323790 0.749937 0.429259 0.722594 0.429259
0 0.744785 0.432673 0.761315 0.436023 0.744078 0.521056 0.727548 0.517706
0 0.698305 0.470031 0.720971 0.484881 0.626119 0.629656 0.603453 0.614806
0 0.638577 0.611692 0.666958 0.628321 0.607359 0.730040 0.578977 0.713411
0 0.558531 0.714415 0.589781 0.714415 0.589781 0.923400 0.558531 0.923400