0 0.152871 0.309359 0.673828 0.404157 0.671514 0.416873 0.150557 0.322075
0 0.164062 0.244001 0.179222 0.247711 0.034977 0.837151 0.019817 0.833441
0 0.661280 0.415333 0.671437 0.417819 0.560547 0.870954 0.550390 0.868469
0 0.605738 0.639485 0.671875 0.652204 0.669135 0.666451 0.602998 0.653732
0 0.725616 0.673960 0.672198 0.684788 0.667969 0.663923 0.721387 0.653095
0 0.728861 0.664496 0.796070 0.700345 0.788717 0.714131 0.721508 0.678283
0 0.237627 0.204793 0.246486 0.222200 0.180342 0.255865 0.171483 0.238459
0 0.311161 0.215257 0.245086 0.221886 0.243527 0.206339 0.309601 0.199710
0 0.317896 0.199935 0.407889 0.237984 0.400391 0.255720 0.310397 0.217671
0 0.423828 0.359235 0.410472 0.360575 0.400626 0.262447 0.413982 0.261107
0 0.395903 0.285997 0.410109 0.290391 0.390625 0.353376 0.376420 0.348982
0 0.496555 0.085361 0.507438 0.089708 0.448757 0.236626 0.437874 0.232279
0 0.455286 0.236841 0.412436 0.260250 0.402136 0.241396 0.444986 0.217986
0 0.517221 0.000000 0.532541 0.006477 0.501953 0.078823 0.486633 0.072346
0 0.676820 0.020822 0.813737 0.048576 0.810547 0.064314 0.673630 0.036559
0 0.993298 0.066043 0.984375 0.079939 0.890024 0.019356 0.898946 0.005460
0 0.820313 0.050642 0.949671 0.063621 0.948253 0.077747 0.818895 0.064767
0 0.025539 0.831547 0.530289 0.965821 0.525391 0.984235 0.020640 0.849961