0 0.075223 0.406619 0.018922 0.454041 0.003688 0.435954 0.059989 0.388532
0 0.069754 0.392439 0.122489 0.392439 0.122489 0.410017 0.069754 0.410017
0 0.190051 0.366425 0.130408 0.407229 0.119380 0.391109 0.179023 0.350305
0 0.196882 0.346523 0.251395 0.392439 0.236132 0.410560 0.181619 0.364644
0 0.328703 0.363847 0.249857 0.406920 0.240494 0.389780 0.319339 0.346707
0 0.350532 0.303938 0.371488 0.318275 0.341712 0.361798 0.320756 0.347462
0 0.511161 0.275251 0.371648 0.334236 0.363782 0.315631 0.503294 0.256646
0 0.511161 0.255720 0.597098 0.255720 0.597098 0.273298 0.511161 0.273298
0 0.716239 0.216657 0.602686 0.278691 0.592206 0.259507 0.705758 0.197473
0 0.888346 0.083565 0.866969 0.085710 0.858585 0.002145 0.879962 0.000000
0 0.992945 0.083288 0.893407 0.103466 0.888751 0.080495 0.988289 0.060318
0 0.851561 0.074717 0.874531 0.079373 0.854354 0.178911 0.831384 0.174255
0 0.838681 0.181943 0.720145 0.218610 0.713022 0.195584 0.831558 0.158917
0 0.839596 0.182702 0.860284 0.186895 0.845145 0.261579 0.824457 0.257386
0 0.819915 0.256514 0.839259 0.269748 0.803969 0.321332 0.784625 0.308098
0 0.814593 0.379664 0.791622 0.384320 0.778041 0.317323 0.801012 0.312667
0 0.797864 0.371897 0.821504 0.388069 0.765067 0.470564 0.741427 0.454391
0 0.760077 0.455070 0.770629 0.471505 0.711464 0.509495 0.700911 0.493060
0 0.706424 0.497502 0.730807 0.507811 0.698661 0.583845 0.674277 0.573536
0 0.683036 0.579939 0.708426 0.579939 0.708426 0.636579 0.683036 0.636579
0 0.678459 0.622704 0.696708 0.632673 0.620034 0.773024 0.601785 0.763054
0 0.628753 0.770067 0.559989 0.827986 0.541767 0.806351 0.610530 0.748432
0 0.604911 0.904157 0.584515 0.915300 0.542322 0.838066 0.562718 0.826924
0 0.631815 0.991586 0.607346 0.999155 0.578489 0.905867 0.602958 0.898298
0 0.554001 0.827311 0.540289 0.834802 0.487852 0.738816 0.501564 0.731325
0 0.496878 0.735464 0.478219 0.741236 0.455131 0.666601 0.473790 0.660829
0 0.470145 0.654157 0.449721 0.675187 0.388261 0.615497 0.408686 0.594467
0 0.411125 0.593104 0.398722 0.617473 0.322134 0.578492 0.334537 0.554123
0 0.343752 0.557764 0.325614 0.570173 0.224455 0.422310 0.242593 0.409901