0 0.093687 0.814025 0.115172 0.814025 0.115172 0.999572 0.093687 0.999572
0 0.148047 0.659865 0.171953 0.665715 0.134703 0.817931 0.110798 0.812081
0 0.998631 0.533048 0.806578 0.554259 0.804032 0.531207 0.996085 0.509995
0 0.771422 0.507384 0.869078 0.507384 0.869078 0.526915 0.771422 0.526915
0 0.781018 0.555191 0.665953 0.593322 0.656177 0.563821 0.771242 0.525689
0 0.661920 0.583718 0.546812 0.632384 0.538701 0.613199 0.653809 0.564532
0 0.328062 0.603087 0.539000 0.603087 0.539000 0.622619 0.328062 0.622619
0 0.140562 0.646056 0.120644 0.648055 0.104191 0.484075 0.124109 0.482077
0 0.131928 0.482248 0.116219 0.487107 0.087744 0.395056 0.103453 0.390197
0 0.139200 0.293639 0.154234 0.300353 0.111822 0.395325 0.096788 0.388611
0 0.142205 0.192290 0.162047 0.194884 0.148685 0.297088 0.128844 0.294494
0 0.172889 0.193610 0.153873 0.199492 0.121031 0.093322 0.140047 0.087439
0 0.126890 0.000000 0.150219 0.000000 0.150219 0.091369 0.126890 0.091369