0 0.226620 0.107246 0.563795 0.347959 0.554061 0.361594 0.216885 0.120882
0 0.851692 0.020031 0.560635 0.351350 0.544054 0.336784 0.835111 0.005465
0 0.327110 0.010579 0.244229 0.115022 0.230898 0.104444 0.313780 0.000000
0 0.118951 0.054666 0.031537 0.164821 0.017768 0.153894 0.105182 0.043739
0 0.107510 0.040804 0.134854 0.040804 0.134854 0.052522 0.107510 0.052522
0 0.103604 0.417757 0.032659 0.490804 0.022641 0.481074 0.093586 0.408027
0 0.099698 0.409944 0.127041 0.409944 0.127041 0.427522 0.099698 0.427522
0 0.152432 0.380647 0.246182 0.380647 0.246182 0.396272 0.152432 0.396272
0 0.158292 0.396272 0.114569 0.426184 0.106617 0.414561 0.150340 0.384649
0 0.988370 0.437288 0.491080 0.992080 0.481671 0.983646 0.978960 0.428854
0 0.138760 0.351350 0.150479 0.351350 0.150479 0.394319 0.138760 0.394319
0 0.213751 0.306626 0.140316 0.356865 0.132697 0.345728 0.206132 0.295489