0 0.602399 0.383781 0.614060 0.386145 0.586658 0.521321 0.574997 0.518958
0 0.573044 0.518958 0.590622 0.518958 0.590622 0.632239 0.573044 0.632239
0 0.580464 0.625647 0.592897 0.629493 0.567899 0.710304 0.555466 0.706458
0 0.585005 0.789355 0.567515 0.791110 0.559130 0.707545 0.576621 0.705790
0 0.588494 0.835375 0.575095 0.838091 0.563454 0.780665 0.576853 0.777949
0 0.564388 0.832782 0.581879 0.834537 0.571934 0.933649 0.554444 0.931894
0 0.573879 0.994599 0.558332 0.996159 0.552678 0.939801 0.568225 0.938241
0 0.680466 0.589270 0.694138 0.589270 0.694138 0.747473 0.680466 0.747473
0 0.678373 0.739413 0.692028 0.740096 0.684512 0.890299 0.670857 0.889616
0 0.670700 0.897864 0.684372 0.897864 0.684372 0.944739 0.670700 0.944739
0 0.671393 0.952215 0.684792 0.954931 0.675867 0.998957 0.662468 0.996241
0 0.684372 0.282629 0.698044 0.282629 0.698044 0.403723 0.684372 0.403723
0 0.703570 0.246302 0.713669 0.249426 0.700324 0.292566 0.690225 0.289442
0 0.696091 0.200598 0.705857 0.200598 0.705857 0.247473 0.696091 0.247473
0 0.705857 0.487708 0.692111 0.489087 0.684213 0.410372 0.697959 0.408993
0 0.249373 0.001287 0.261090 0.001522 0.256090 0.251472 0.244374 0.251237