0 0.704973 0.119036 0.718645 0.119036 0.718645 0.203020 0.704973 0.203020
0 0.704973 0.203020 0.718283 0.208647 0.704973 0.240129 0.691663 0.234502
0 0.704330 0.231664 0.713171 0.240767 0.677629 0.275285 0.668788 0.266182
0 0.710832 0.234270 0.757707 0.234270 0.757707 0.247942 0.710832 0.247942
0 0.763209 0.233152 0.804583 0.255754 0.799652 0.264780 0.758279 0.242177
0 0.870989 0.242083 0.809233 0.268192 0.804382 0.256719 0.866138 0.230609
0 0.875483 0.234188 0.904280 0.253889 0.896924 0.264642 0.868127 0.244940
0 0.929067 0.243979 0.906042 0.256557 0.900787 0.246937 0.923811 0.234358
0 0.994543 0.242733 0.928468 0.249362 0.927298 0.237702 0.993373 0.231073
0 0.734318 0.542074 0.720714 0.543439 0.712914 0.465705 0.726518 0.464340
0 0.718830 0.532412 0.732230 0.535128 0.720589 0.592554 0.707190 0.589838
0 0.735163 0.633924 0.723968 0.637387 0.710116 0.592605 0.721311 0.589142
0 0.724651 0.634363 0.734222 0.636303 0.722581 0.693729 0.713010 0.691789
0 0.716780 0.691389 0.728499 0.691389 0.728499 0.714827 0.716780 0.714827
0 0.705061 0.714827 0.691989 0.718871 0.677539 0.672157 0.690611 0.668113
0 0.758708 0.714149 0.699563 0.720084 0.698651 0.710996 0.757796 0.705061
0 0.811491 0.721746 0.763655 0.726546 0.762694 0.716965 0.810530 0.712166
0 0.693343 0.720686 0.703108 0.720686 0.703108 0.789046 0.693343 0.789046
0 0.707015 0.837874 0.694318 0.839148 0.689575 0.791872 0.702271 0.790598
0 0.722639 0.906233 0.709133 0.908971 0.695432 0.841381 0.708938 0.838643
0 0.881981 0.091114 0.889266 0.100293 0.832658 0.145214 0.825374 0.136035
0 0.724507 0.119141 0.835835 0.119141 0.835835 0.130859 0.724507 0.130859
0 0.874898 0.033203 0.892476 0.033203 0.892476 0.085938 0.874898 0.085938