0 0.284284 0.821411 0.337019 0.821411 0.337019 0.835082 0.284284 0.835082
0 0.350438 0.776030 0.362977 0.781480 0.341178 0.831635 0.328639 0.826185
0 0.427204 0.733367 0.365444 0.784339 0.354255 0.770782 0.416015 0.719810
0 0.523552 0.697503 0.430007 0.737053 0.423923 0.722662 0.517468 0.683111
0 0.520613 0.690551 0.651472 0.690551 0.651472 0.708129 0.520613 0.708129
0 0.644152 0.688513 0.712512 0.717415 0.705667 0.733605 0.637307 0.704703
0 0.779218 0.716032 0.704564 0.731165 0.701460 0.715852 0.776114 0.700719
0 0.778425 0.692504 0.887800 0.692504 0.887800 0.710082 0.778425 0.710082
0 0.922956 0.706176 0.915035 0.721740 0.887019 0.707481 0.894940 0.691917
0 0.944441 0.657348 0.919828 0.720657 0.906214 0.715364 0.930828 0.652056
0 0.937500 0.643676 0.998047 0.643676 0.998047 0.661254 0.937500 0.661254