0 0.314680 0.006895 0.331609 0.007742 0.294607 0.747165 0.277678 0.746318
0 0.275076 0.758884 0.290701 0.758884 0.290701 0.844821 0.275076 0.844821
0 0.289642 0.754454 0.586460 0.772285 0.585622 0.786227 0.288805 0.768397
0 0.576768 0.766051 0.702376 0.794139 0.698904 0.809665 0.573296 0.781576
0 0.706716 0.797946 0.812185 0.797946 0.812185 0.817477 0.706716 0.817477
0 0.709038 0.834490 0.549394 0.847289 0.548145 0.831714 0.707789 0.818915
0 0.784072 0.613602 0.801524 0.615706 0.791470 0.699087 0.774018 0.696983
0 0.843435 0.555758 0.855701 0.568388 0.801876 0.620664 0.789610 0.608034
0 0.786794 0.442477 0.802419 0.442477 0.802419 0.516696 0.786794 0.516696
0 0.793315 0.445549 0.778262 0.453772 0.749685 0.401462 0.764738 0.393239
0 0.787491 0.326719 0.806326 0.337009 0.770626 0.402356 0.751792 0.392067
0 0.800466 0.243259 0.819997 0.243259 0.819997 0.327243 0.800466 0.327243
0 0.839729 0.194802 0.853201 0.206149 0.816225 0.250048 0.802753 0.238701
0 0.845730 0.187746 0.828502 0.191239 0.807937 0.089786 0.825165 0.086294
0 0.823451 0.000000 0.842593 0.003880 0.824356 0.093847 0.805214 0.089967
0 0.814614 0.770009 0.795955 0.775781 0.774599 0.706743 0.793258 0.700971