0 0.367006 0.593613 0.413881 0.593613 0.413881 0.607285 0.367006 0.607285
0 0.371440 0.603085 0.336801 0.613422 0.333803 0.603378 0.368443 0.593041
0 0.290835 0.597519 0.333803 0.597519 0.333803 0.609238 0.290835 0.609238
0 0.223138 0.594034 0.292788 0.597519 0.292125 0.610770 0.222475 0.607285
0 0.228486 0.594436 0.224055 0.605832 0.177553 0.587753 0.181984 0.576357
0 0.168777 0.569649 0.183892 0.578104 0.177043 0.590348 0.161928 0.581894
0 0.111147 0.566269 0.173647 0.566269 0.173647 0.577988 0.111147 0.577988
0 0.111147 0.509628 0.122866 0.509628 0.122866 0.560410 0.111147 0.560410
0 0.003725 0.503769 0.029116 0.503769 0.029116 0.519394 0.003725 0.519394
0 0.095702 0.499401 0.031069 0.519394 0.026983 0.506184 0.091616 0.486191
0 0.055916 0.447718 0.002213 0.458046 0.000000 0.446538 0.053703 0.436210
0 0.060366 0.419785 0.072085 0.419785 0.072085 0.449081 0.060366 0.449081
0 0.070131 0.441269 0.097475 0.441269 0.097475 0.452988 0.070131 0.452988
0 0.091616 0.447128 0.103335 0.447128 0.103335 0.499863 0.091616 0.499863
0 0.103193 0.486583 0.146862 0.495891 0.144350 0.507675 0.100681 0.498367
0 0.140444 0.495956 0.199038 0.495956 0.199038 0.507675 0.140444 0.507675
0 0.242601 0.459879 0.248671 0.467529 0.204303 0.502737 0.198232 0.495087
0 0.205292 0.493239 0.271303 0.499863 0.270202 0.510842 0.204190 0.504219
0 0.211895 0.498409 0.223178 0.500696 0.216616 0.533066 0.205334 0.530779
0 0.211813 0.531894 0.222384 0.534037 0.219375 0.548881 0.208803 0.546738
0 0.294476 0.451835 0.251718 0.469912 0.247866 0.460800 0.290623 0.442723
0 0.130342 0.444998 0.098513 0.454844 0.094943 0.443302 0.126772 0.433456
0 0.130678 0.394394 0.142900 0.396999 0.132631 0.445175 0.120410 0.442570
0 0.143222 0.389547 0.214106 0.397376 0.212710 0.410019 0.141826 0.402190
0 0.211005 0.398197 0.271303 0.423691 0.266454 0.435160 0.206156 0.409667
0 0.265866 0.424046 0.290866 0.445103 0.284585 0.452560 0.259585 0.431503
0 0.300600 0.451035 0.333803 0.451035 0.333803 0.458847 0.300600 0.458847
0 0.361147 0.449082 0.329990 0.455398 0.327911 0.445142 0.359068 0.438826
0 0.357187 0.439219 0.426693 0.460720 0.423647 0.470566 0.354141 0.449065
0 0.427856 0.453709 0.472830 0.472723 0.468266 0.483517 0.423293 0.464502
0 0.464663 0.474472 0.533022 0.474472 0.533022 0.488144 0.464663 0.488144
0 0.529116 0.480331 0.560366 0.480331 0.560366 0.494003 0.529116 0.494003
0 0.591970 0.507150 0.583803 0.517441 0.550566 0.491065 0.558733 0.480774
0 0.264736 0.500164 0.314272 0.515488 0.310833 0.526606 0.261297 0.511283
0 0.347475 0.521347 0.309364 0.529073 0.306851 0.516676 0.344962 0.508950
0 0.343569 0.517441 0.388172 0.536299 0.384585 0.544785 0.339981 0.525927
0 0.433263 0.533492 0.390444 0.546738 0.386687 0.534593 0.429506 0.521347
0 0.416484 0.522584 0.404824 0.523753 0.399560 0.471283 0.411220 0.470113
0 0.433793 0.524023 0.497866 0.529160 0.496892 0.541303 0.432820 0.536166
0 0.583803 0.517441 0.499800 0.543426 0.495839 0.530622 0.579843 0.504637