0 0.008692 0.473605 0.108976 0.493934 0.105154 0.512790 0.004870 0.492461
0 0.105374 0.498554 0.357277 0.503592 0.356886 0.523120 0.104984 0.518081
0 0.410616 0.578108 0.400076 0.588962 0.355363 0.545536 0.365904 0.534683
0 0.464269 0.574108 0.421418 0.597518 0.412054 0.580378 0.454905 0.556968
0 0.609060 0.565524 0.465513 0.579927 0.464012 0.564968 0.607559 0.550566
0 0.607725 0.399117 0.625272 0.400171 0.616254 0.550291 0.598707 0.549237
0 0.616920 0.562168 0.673513 0.590915 0.665160 0.607359 0.608567 0.578612
0 0.665701 0.581149 0.737966 0.581149 0.737966 0.600680 0.665701 0.600680
0 0.714529 0.608493 0.798513 0.608493 0.798513 0.628024 0.714529 0.628024
0 0.903982 0.596774 0.808247 0.626388 0.803651 0.611529 0.899385 0.581915
0 0.296560 0.003024 0.310232 0.003024 0.310232 0.360446 0.296560 0.360446
0 0.626376 0.988581 0.612748 0.989674 0.601510 0.849499 0.615138 0.848406