0 0.000000 0.546802 0.052734 0.546802 0.052734 0.554615 0.000000 0.554615
0 0.043407 0.546723 0.085207 0.551340 0.083975 0.562491 0.042175 0.557874
0 0.082022 0.556632 0.101554 0.556632 0.101554 0.564444 0.082022 0.564444
0 0.136201 0.552037 0.102482 0.558872 0.101038 0.551748 0.134757 0.544913
0 0.136387 0.544900 0.162100 0.562491 0.158747 0.567392 0.133034 0.549801
0 0.189444 0.562491 0.164351 0.567578 0.162832 0.560086 0.187926 0.554999
0 0.189444 0.560538 0.218741 0.560538 0.218741 0.568350 0.189444 0.568350
0 0.236104 0.549736 0.203505 0.563518 0.199814 0.554789 0.232413 0.541007
0 0.234366 0.542960 0.259757 0.542960 0.259757 0.550772 0.234366 0.550772
0 0.279693 0.537542 0.261837 0.549758 0.257526 0.543456 0.275382 0.531241
0 0.273429 0.490225 0.283194 0.490225 0.283194 0.539054 0.273429 0.539054
0 0.276930 0.460552 0.284686 0.461487 0.281646 0.486695 0.273890 0.485760
0 0.281515 0.532492 0.302725 0.539053 0.300349 0.546735 0.279138 0.540174
0 0.326613 0.528601 0.302402 0.548993 0.298046 0.543821 0.322257 0.523429
0 0.328116 0.529288 0.367179 0.529288 0.367179 0.541007 0.328116 0.541007
0 0.293069 0.538920 0.300729 0.543105 0.277183 0.586207 0.269522 0.582022
0 0.296866 0.617178 0.287216 0.620164 0.276267 0.584769 0.285917 0.581784
0 0.300745 0.657609 0.291447 0.658542 0.287100 0.615225 0.296398 0.614292
0 0.306630 0.716787 0.295383 0.720266 0.282300 0.677972 0.293547 0.674493
0 0.292959 0.714833 0.305002 0.719925 0.289148 0.757424 0.277104 0.752332
0 0.285146 0.757802 0.294912 0.757802 0.294912 0.791005 0.285146 0.791005
0 0.284197 0.787691 0.294912 0.791005 0.285617 0.821052 0.274902 0.817738
0 0.302724 0.859365 0.294427 0.861931 0.281079 0.818782 0.289377 0.816215
0 0.283193 0.859365 0.294773 0.862947 0.283193 0.900380 0.271613 0.896799
0 0.291222 0.936048 0.283193 0.939443 0.267919 0.903318 0.275948 0.899923
0 0.287099 0.939443 0.296865 0.939443 0.296865 0.982412 0.287099 0.982412
0 0.292959 0.976552 0.304682 0.976552 0.304682 1.000000 0.292959 1.000000
0 0.285146 0.396474 0.292068 0.397877 0.279287 0.460927 0.272365 0.459524