0 0.775993 0.070549 0.600252 0.075822 0.599547 0.052306 0.775287 0.047032
0 0.607359 0.093322 0.511303 0.111795 0.507750 0.093322 0.603806 0.074848
0 0.470640 0.058166 0.515378 0.082606 0.508203 0.095740 0.463465 0.071300
0 0.467903 0.080562 0.398375 0.116759 0.390355 0.101355 0.459883 0.065158
0 0.292679 0.053837 0.116518 0.096946 0.110886 0.073931 0.287047 0.030822
0 0.138001 0.172866 0.120305 0.176454 0.103453 0.093322 0.121149 0.089735
0 0.005331 0.275357 0.101706 0.288938 0.099547 0.304259 0.003172 0.290678
0 0.078062 0.829650 0.009382 0.866283 0.002528 0.853434 0.071209 0.816801
0 0.388609 0.800353 0.251637 0.826696 0.247897 0.807251 0.384870 0.780909
0 0.044370 0.684537 0.164000 0.724181 0.158629 0.740387 0.039000 0.700744
0 0.015735 0.637036 0.051617 0.673982 0.037893 0.687310 0.002011 0.650365
0 0.146737 0.505293 0.162047 0.521056 0.102873 0.578527 0.087564 0.562764
0 0.099547 0.577697 0.116228 0.588626 0.080600 0.643004 0.063919 0.632076
0 0.037047 0.648009 0.080015 0.648009 0.080015 0.669494 0.037047 0.669494
0 0.158172 0.733961 0.255468 0.777410 0.247624 0.794975 0.150328 0.751525