0 0.086333 0.000904 0.100806 0.002649 0.016107 0.705078 0.001635 0.703333
0 0.093375 0.614714 0.101540 0.623120 0.028683 0.693880 0.020519 0.685473
0 0.092279 0.552734 0.105951 0.552734 0.105951 0.621094 0.092279 0.621094
0 0.116771 0.468268 0.130170 0.470984 0.112709 0.557123 0.099310 0.554407
0 0.182123 0.433594 0.120168 0.459788 0.114262 0.445819 0.176217 0.419625
0 0.113764 0.447266 0.129389 0.447266 0.129389 0.470703 0.113764 0.470703
0 0.270014 0.361328 0.279891 0.368085 0.257457 0.400876 0.247580 0.394119
0 0.280006 0.365554 0.369623 0.369141 0.369078 0.382760 0.279461 0.379173
0 0.267770 0.649578 0.281169 0.652294 0.270304 0.705891 0.256905 0.703175
0 0.254613 0.697497 0.263982 0.707143 0.248132 0.722536 0.238764 0.712891
0 0.271967 0.781250 0.252877 0.785120 0.240559 0.724355 0.259649 0.720486
0 0.246576 0.781250 0.262201 0.781250 0.262201 0.826172 0.246576 0.826172
0 0.219232 0.814453 0.256342 0.814453 0.256342 0.830078 0.219232 0.830078
0 0.215326 0.830078 0.228998 0.830078 0.228998 0.859375 0.215326 0.859375
0 0.309353 0.425959 0.324009 0.432156 0.288577 0.515962 0.273920 0.509766
0 0.314936 0.576172 0.330561 0.576172 0.330561 0.666016 0.314936 0.666016
0 0.102307 0.937973 0.014255 0.955822 0.011150 0.940509 0.099203 0.922660
0 0.093265 0.929248 0.179525 0.937903 0.177823 0.954866 0.091563 0.946211
0 0.176791 0.941842 0.268672 0.960467 0.264792 0.979609 0.172911 0.960984
0 0.263450 0.941332 0.320401 0.972444 0.312183 0.987487 0.255232 0.956375