0 0.901793 0.541507 0.565855 0.541507 0.565855 0.531741 0.901793 0.531741
0 0.571714 0.176272 0.634214 0.176272 0.634214 0.193851 0.571714 0.193851
0 0.647233 0.170122 0.706598 0.195221 0.701274 0.207814 0.641909 0.182714
0 0.783803 0.176223 0.711845 0.206647 0.707282 0.195853 0.779240 0.165430
0 0.793437 0.163722 0.916853 0.176105 0.915465 0.189944 0.792048 0.177561
0 0.726011 0.602054 0.711306 0.608271 0.684022 0.543737 0.698727 0.537520
0 0.712339 0.609866 0.726011 0.609866 0.726011 0.721194 0.712339 0.721194
0 0.589293 0.801272 0.688902 0.801272 0.688902 0.814944 0.589293 0.814944
0 0.734806 0.742696 0.746757 0.752762 0.697685 0.811021 0.685735 0.800955
0 0.613626 0.463610 0.600564 0.467651 0.578631 0.396747 0.591693 0.392707
0 0.599757 0.470285 0.615071 0.473389 0.602266 0.536557 0.586952 0.533453