0 0.007901 0.870882 0.024502 0.870882 0.024502 1.000000 0.007901 1.000000
0 0.006435 0.799853 0.023925 0.801608 0.017490 0.865739 0.000000 0.863984
0 0.015713 0.786897 0.045010 0.786897 0.045010 0.808382 0.015713 0.808382
0 0.019620 0.710725 0.039151 0.710725 0.039151 0.802522 0.019620 0.802522
0 0.040450 0.713711 0.019394 0.717979 0.004649 0.645240 0.025705 0.640972
0 0.030278 0.603458 0.048267 0.611064 0.028492 0.657836 0.010503 0.650231
0 0.045010 0.611116 0.033800 0.617240 0.000000 0.555369 0.011210 0.549245
0 0.082120 0.486116 0.019448 0.550645 0.005519 0.537118 0.068191 0.472588
0 0.066495 0.269319 0.087979 0.269319 0.087979 0.488069 0.066495 0.488069
0 0.087975 0.188650 0.104768 0.193845 0.078217 0.279676 0.061424 0.274481
0 0.136807 0.080947 0.117983 0.086770 0.092943 0.005823 0.111767 0.000000
0 0.119229 0.079866 0.138760 0.079866 0.138760 0.142366 0.119229 0.142366
0 0.168057 0.200960 0.150763 0.206309 0.128653 0.134832 0.145946 0.129482
0 0.737431 0.052655 0.671963 0.097444 0.661183 0.081686 0.726651 0.036897
0 0.804776 0.031038 0.744194 0.056651 0.736895 0.039388 0.797477 0.013774
0 0.873135 0.025178 0.803224 0.039350 0.800028 0.023581 0.869939 0.009410
0 0.896010 0.000787 0.945401 0.027132 0.934912 0.046797 0.885521 0.020453
0 0.939541 0.025179 0.992276 0.025179 0.992276 0.048616 0.939541 0.048616