0 0.242187 0.577986 0.225359 0.583191 0.195015 0.485097 0.211843 0.479892
0 0.219320 0.574052 0.238658 0.580034 0.218750 0.644392 0.199412 0.638410
0 0.322239 0.403954 0.205215 0.435085 0.201198 0.419985 0.318222 0.388855
0 0.472656 0.363142 0.328508 0.407732 0.324064 0.393367 0.468213 0.348777
0 0.474844 0.350651 0.528415 0.350651 0.528415 0.371006 0.474844 0.371006
0 0.534102 0.341114 0.582153 0.355978 0.578125 0.369001 0.530073 0.354137
0 0.645559 0.344774 0.580797 0.372155 0.573191 0.354166 0.637953 0.326785
0 0.695313 0.408064 0.680261 0.414427 0.647920 0.337935 0.662972 0.331571
0 0.673828 0.242048 0.689812 0.248806 0.652824 0.336291 0.636840 0.329533
0 0.687500 0.437361 0.701172 0.437361 0.701172 0.503767 0.687500 0.503767
0 0.768187 0.558578 0.784378 0.565423 0.749391 0.648175 0.733200 0.641329
0 0.736328 0.644392 0.751953 0.644392 0.751953 0.755720 0.736328 0.755720
0 0.759766 0.827985 0.744224 0.831136 0.728814 0.755115 0.744355 0.751965
0 0.892578 0.347517 0.906250 0.347517 0.906250 0.415876 0.892578 0.415876
0 0.919332 0.290975 0.931641 0.294782 0.913890 0.352163 0.901582 0.348356
0 0.502809 0.185623 0.512522 0.197862 0.462034 0.237927 0.452322 0.225687
0 0.614820 0.147204 0.621152 0.157065 0.557055 0.198221 0.550723 0.188360
0 0.621932 0.113746 0.636860 0.118363 0.624161 0.159413 0.609234 0.154795
0 0.703125 0.068220 0.710524 0.082757 0.627007 0.125265 0.619608 0.110728
0 0.723582 0.004089 0.743600 0.010281 0.722656 0.077986 0.702638 0.071793
0 0.884391 0.410779 0.894848 0.419587 0.855843 0.465895 0.845386 0.457088