0 0.229428 0.781691 0.243819 0.787776 0.208072 0.872327 0.193681 0.866242
0 0.250635 0.785961 0.234256 0.787604 0.230469 0.749860 0.246848 0.748217
0 0.306139 0.684543 0.318359 0.697126 0.246926 0.766504 0.234705 0.753921
0 0.312255 0.617801 0.331397 0.621681 0.316652 0.694420 0.297510 0.690540
0 0.364290 0.562744 0.380859 0.574079 0.340175 0.633548 0.323606 0.622212
0 0.435671 0.456801 0.452777 0.464033 0.406250 0.574079 0.389144 0.566847
0 0.365234 0.558454 0.404297 0.558454 0.404297 0.579939 0.365234 0.579939
0 0.433594 0.404157 0.453125 0.404157 0.453125 0.458845 0.433594 0.458845
0 0.162283 0.830813 0.156187 0.845200 0.021311 0.788049 0.027407 0.773662
0 0.250000 0.956892 0.234900 0.967222 0.151117 0.844757 0.166217 0.834426
0 0.797673 0.623443 0.786048 0.638397 0.455758 0.381636 0.467384 0.366681