0 0.657880 0.918058 0.641440 0.919707 0.628906 0.794782 0.645346 0.793133
0 0.660156 0.771345 0.645999 0.777330 0.626953 0.732282 0.641110 0.726297
0 0.650620 0.759515 0.662109 0.771345 0.633033 0.799584 0.621544 0.787754
0 0.640625 0.921736 0.655128 0.926222 0.634766 0.992048 0.620263 0.987562
0 0.667969 0.685407 0.680132 0.697931 0.642482 0.734497 0.630319 0.721973
0 0.673828 0.593610 0.689297 0.595162 0.679570 0.692108 0.664101 0.690555
0 0.690577 0.590624 0.675031 0.592184 0.664891 0.491129 0.680438 0.489569
0 0.693790 0.447692 0.707031 0.458845 0.680192 0.490709 0.666951 0.479556
0 0.706397 0.452855 0.690972 0.457626 0.673828 0.402204 0.689252 0.397433
0 0.695346 0.344647 0.710937 0.349470 0.695958 0.397894 0.680367 0.393071
0 0.716425 0.262243 0.732422 0.265485 0.715644 0.348255 0.699646 0.345012