0 0.749618 0.785386 0.653578 0.795022 0.651944 0.778739 0.747984 0.769103
0 0.751986 0.771986 0.874452 0.809870 0.867125 0.833556 0.744659 0.795673
0 0.652281 0.882384 0.667244 0.890558 0.609562 0.996144 0.594599 0.987970
0 0.148345 0.740527 0.423766 0.880431 0.411523 0.904532 0.136102 0.764628
0 0.197203 0.632384 0.071086 0.701282 0.060099 0.681171 0.186216 0.612272
0 0.003844 0.679259 0.066344 0.679259 0.066344 0.700744 0.003844 0.700744
0 0.021594 0.002182 0.046853 0.005228 0.027149 0.168633 0.001890 0.165587
0 0.091734 0.058166 0.042831 0.070653 0.036988 0.047770 0.085891 0.035282
0 0.083280 0.060323 0.227589 0.106549 0.218687 0.134337 0.074378 0.088111
0 0.000000 0.209134 0.017516 0.209134 0.017516 0.370666 0.000000 0.370666
0 0.017003 0.367139 0.162047 0.466369 0.148011 0.486885 0.002967 0.387655
0 0.228577 0.319540 0.251963 0.329427 0.187314 0.482338 0.163927 0.472450
0 0.157386 0.479070 0.371031 0.579650 0.360625 0.601753 0.146981 0.501173
0 0.504115 0.600700 0.368700 0.625341 0.365109 0.605604 0.500524 0.580963