0 0.892578 0.001814 0.906250 0.001814 0.906250 0.101423 0.892578 0.101423
0 0.892478 0.101007 0.911694 0.109131 0.898437 0.140485 0.879222 0.132361
0 0.912109 0.177595 0.895453 0.180971 0.886538 0.136996 0.903195 0.133619
0 0.918286 0.225514 0.903895 0.231599 0.886401 0.190223 0.900793 0.184138
0 0.904297 0.226423 0.920348 0.233209 0.895237 0.292603 0.879186 0.285817
0 0.914697 0.325745 0.902698 0.332300 0.880225 0.291163 0.892224 0.284609
0 0.898438 0.333845 0.917969 0.333845 0.917969 0.552595 0.898438 0.552595
0 0.904297 0.546736 0.925781 0.546736 0.925781 0.677595 0.904297 0.677595
0 0.905985 0.680495 0.923213 0.683987 0.908468 0.756726 0.891240 0.753234
0 0.911859 0.830731 0.892425 0.832681 0.885016 0.758833 0.904450 0.756884
0 0.890625 0.833845 0.906250 0.833845 0.906250 0.915876 0.890625 0.915876
0 0.918021 0.998881 0.902474 1.000000 0.894479 0.920762 0.910026 0.919203