0 0.191406 0.051277 0.175600 0.052863 0.170455 0.001586 0.186261 0.000000
0 0.192958 0.145987 0.177734 0.149073 0.160156 0.062360 0.175380 0.059274
0 0.176046 0.144727 0.187366 0.148229 0.160156 0.236189 0.148836 0.232687
0 0.156547 0.241240 0.172910 0.242882 0.166754 0.304237 0.150391 0.302595
0 0.147746 0.311703 0.161145 0.314419 0.147176 0.383330 0.133777 0.380614
0 0.140625 0.503767 0.156250 0.503767 0.156250 0.581892 0.140625 0.581892
0 0.160595 0.434293 0.177388 0.439488 0.157764 0.502928 0.140971 0.497733
0 0.146484 0.587751 0.160156 0.587751 0.160156 0.661970 0.146484 0.661970
0 0.201172 0.574079 0.296875 0.574079 0.296875 0.583845 0.201172 0.583845
0 0.796875 0.099470 0.778799 0.105061 0.760377 0.045507 0.778453 0.039915
0 0.769531 0.101423 0.783203 0.101423 0.783203 0.281111 0.769531 0.281111
0 0.738281 0.273298 0.753906 0.273298 0.753906 0.449079 0.738281 0.449079
0 0.351562 0.634626 0.336371 0.642925 0.310822 0.596159 0.326014 0.587860
0 0.343750 0.529157 0.353064 0.540894 0.307026 0.577427 0.297713 0.565690
0 0.356418 0.873032 0.340228 0.879877 0.317410 0.825908 0.333601 0.819063
0 0.338803 0.879636 0.354059 0.882728 0.341797 0.943220 0.326541 0.940127
0 0.348970 0.993618 0.329695 0.999581 0.314709 0.951135 0.333984 0.945173
0 0.417324 0.572781 0.529277 0.607412 0.524083 0.624206 0.412129 0.589574
0 0.520609 0.605281 0.639154 0.617175 0.637594 0.632722 0.519049 0.620828
0 0.146484 0.704939 0.166016 0.704939 0.166016 0.788923 0.146484 0.788923
0 0.172106 0.853115 0.155313 0.858310 0.134534 0.791137 0.151327 0.785943
0 0.144053 0.860357 0.159367 0.863461 0.145010 0.934286 0.129696 0.931182
0 0.303945 0.753045 0.321435 0.754800 0.315196 0.816988 0.297705 0.815233
0 0.310005 0.179342 0.325617 0.179967 0.314995 0.445379 0.299383 0.444754