0 0.251250 0.688501 0.266771 0.695063 0.245063 0.746408 0.229542 0.739846
0 0.230469 0.745954 0.248047 0.745954 0.248047 0.808454 0.230469 0.808454
0 0.243462 0.803696 0.256861 0.806412 0.246773 0.856181 0.233373 0.853465
0 0.257813 0.913923 0.241967 0.917135 0.229887 0.857543 0.245733 0.854331
0 0.238281 0.915876 0.250609 0.917113 0.243037 0.992579 0.230709 0.991342
0 0.092260 0.126299 0.004808 0.135073 0.003443 0.121469 0.090895 0.112695
0 0.165306 0.077701 0.179411 0.079117 0.168057 0.192279 0.153952 0.190863
0 0.142578 0.142439 0.199219 0.142439 0.199219 0.160017 0.142578 0.160017
0 0.316406 0.158064 0.203725 0.169369 0.202487 0.157025 0.315168 0.145720
0 0.418334 0.168484 0.306500 0.186531 0.304322 0.173034 0.416156 0.154986
0 0.417929 0.159058 0.480469 0.171735 0.477646 0.185661 0.415107 0.172983
0 0.554687 0.173689 0.477179 0.189400 0.473661 0.172046 0.551170 0.156334
0 0.552030 0.157967 0.630859 0.165876 0.629251 0.181902 0.550422 0.173992
0 0.624046 0.171294 0.711498 0.180068 0.709938 0.195615 0.622486 0.186841
0 0.199219 0.038923 0.213887 0.051278 0.177765 0.094163 0.163097 0.081808
0 0.562072 0.054136 0.542930 0.058016 0.531678 0.002505 0.550820 0.000000
0 0.220703 0.228376 0.203077 0.246525 0.156662 0.201447 0.174289 0.183298