0 0.446254 0.659706 0.324404 0.697398 0.319644 0.682012 0.441495 0.644319
0 0.302823 0.093538 0.322354 0.093538 0.322354 0.689241 0.302823 0.689241
0 0.322918 0.700786 0.248282 0.723873 0.243665 0.708946 0.318300 0.685859
0 0.247339 0.709115 0.199307 0.741975 0.192644 0.732237 0.240677 0.699376
0 0.142666 0.736116 0.197354 0.736116 0.197354 0.753694 0.142666 0.753694
0 0.484463 0.697054 0.603604 0.697054 0.603604 0.706819 0.484463 0.706819
0 0.632682 0.663057 0.643906 0.672510 0.610886 0.711712 0.599663 0.702259
0 0.640713 0.663850 0.677823 0.663850 0.677823 0.675569 0.640713 0.675569
0 0.305678 0.702567 0.319281 0.703932 0.305827 0.838024 0.292224 0.836659
0 0.296963 0.837679 0.312588 0.837679 0.312588 0.931429 0.296963 0.931429
0 0.488370 0.075960 0.505948 0.075960 0.505948 0.361116 0.488370 0.361116
0 0.131215 0.659437 0.004897 0.672111 0.003727 0.660451 0.130046 0.647777
0 0.006186 0.824757 0.142666 0.866975 0.137275 0.884405 0.000795 0.842187
0 0.039151 0.939241 0.027319 0.951423 0.000000 0.924891 0.011832 0.912708
0 0.033538 0.932869 0.117276 0.958772 0.111260 0.978220 0.027522 0.952316
0 0.140713 0.865022 0.222745 0.865022 0.222745 0.886507 0.140713 0.886507
0 0.092278 0.802746 0.004436 0.829919 0.000137 0.816023 0.087979 0.788850
0 0.089967 0.792974 0.156528 0.821116 0.150444 0.835508 0.083883 0.807366
0 0.049823 0.599984 0.060635 0.611116 0.014329 0.656090 0.003517 0.644957
0 0.007787 0.533944 0.079745 0.564367 0.074421 0.576960 0.002463 0.546537
0 0.062588 0.464632 0.010997 0.499927 0.002031 0.486821 0.053622 0.451526