0 0.484375 0.667829 0.467227 0.669550 0.458357 0.581143 0.475505 0.579422
0 0.496626 0.668333 0.511017 0.674418 0.476031 0.757169 0.461639 0.751085
0 0.468770 0.761656 0.407100 0.795346 0.400391 0.783064 0.462060 0.749374
0 0.399582 0.782108 0.417479 0.789675 0.384766 0.867048 0.366869 0.859481
0 0.457031 0.495954 0.476562 0.495954 0.476562 0.576032 0.457031 0.576032
0 0.033040 0.341105 0.051863 0.346314 0.021648 0.455491 0.002824 0.450282
0 0.078125 0.327985 0.041675 0.347898 0.033364 0.332683 0.069813 0.312771
0 0.084448 0.313031 0.068677 0.321647 0.039062 0.267439 0.054834 0.258823
0 0.074219 0.187361 0.055490 0.191157 0.027597 0.053556 0.046326 0.049759
0 0.052568 0.182972 0.074219 0.187360 0.058800 0.263425 0.037149 0.259036
0 0.464844 0.298689 0.482422 0.298689 0.482422 0.384626 0.464844 0.384626
0 0.451599 0.391776 0.469090 0.393531 0.460510 0.479039 0.443020 0.477284