0 0.560405 0.325205 0.891016 0.392224 0.887497 0.409583 0.556886 0.342564
0 0.623825 0.308020 0.607594 0.311310 0.594342 0.245937 0.610574 0.242647
0 0.600388 0.309973 0.619919 0.309973 0.619919 0.345129 0.600388 0.345129
0 0.614260 0.190571 0.627732 0.194739 0.611343 0.247718 0.597871 0.243551
0 0.621831 0.191871 0.606247 0.196692 0.589050 0.141097 0.604634 0.136276
0 0.742341 0.370859 0.757081 0.378912 0.725388 0.436926 0.710648 0.428874
0 0.741013 0.524817 0.723196 0.526605 0.714888 0.443800 0.732705 0.442012
0 0.721482 0.515051 0.735154 0.515051 0.735154 0.608801 0.721482 0.608801
0 0.725165 0.586806 0.740092 0.591424 0.690454 0.751890 0.675527 0.747273
0 0.675804 0.749095 0.693295 0.750850 0.671456 0.968507 0.653966 0.966753
0 0.494009 0.781310 0.598951 0.791839 0.597391 0.807386 0.492450 0.796857
0 0.604294 0.796301 0.666794 0.796301 0.666794 0.815833 0.604294 0.815833
0 0.690059 0.805606 0.767191 0.847743 0.758763 0.863169 0.681632 0.821032
0 0.680864 0.960365 0.797630 0.984034 0.795302 0.995519 0.678536 0.971850