0 0.582618 0.066529 0.569763 0.073552 0.535078 0.010062 0.547933 0.003039
0 0.606960 0.178733 0.587818 0.182613 0.566089 0.075419 0.585230 0.071538
0 0.487107 0.173524 0.795823 0.179699 0.795509 0.195435 0.486792 0.189260
0 0.481426 0.571423 0.656837 0.580201 0.655949 0.597949 0.480538 0.589171
0 0.602149 0.697388 0.584232 0.701020 0.562409 0.593366 0.580327 0.589734
0 0.629493 0.746216 0.616440 0.751735 0.592504 0.695121 0.605557 0.689602
0 0.606691 0.742043 0.620892 0.748047 0.600196 0.796998 0.585995 0.790993
0 0.584571 0.791138 0.604102 0.791138 0.604102 0.861451 0.584571 0.861451
0 0.459840 0.860479 0.811115 0.867506 0.810865 0.880001 0.459590 0.872974
0 0.660955 0.820723 0.644401 0.825304 0.623944 0.751387 0.640498 0.746806
0 0.680488 0.871490 0.666097 0.877574 0.640998 0.818209 0.655389 0.812124