0 0.684152 0.501927 0.696745 0.507251 0.669364 0.572013 0.656771 0.566689
0 0.664062 0.564314 0.677734 0.564314 0.677734 0.640486 0.664062 0.640486
0 0.670879 0.648043 0.589035 0.689616 0.581075 0.673944 0.662918 0.632371
0 0.675102 0.638500 0.779441 0.682613 0.774117 0.695206 0.669778 0.651092
0 0.797724 0.737605 0.788394 0.740491 0.774542 0.695710 0.783871 0.692824
0 0.829381 0.678204 0.782468 0.692716 0.779259 0.682341 0.826172 0.667829
0 0.830078 0.671736 0.861328 0.671736 0.861328 0.685407 0.830078 0.685407
0 0.764454 0.204658 0.751054 0.207374 0.733593 0.121235 0.746993 0.118519
0 0.759940 0.048125 0.774867 0.052742 0.751779 0.127378 0.736852 0.122760
0 0.803785 0.047531 0.790723 0.051572 0.776294 0.004924 0.789355 0.000884
0 0.753070 0.238693 0.765625 0.244001 0.745112 0.292520 0.732557 0.287212
0 0.132812 0.458845 0.144531 0.458845 0.144531 0.540876 0.132812 0.540876
0 0.159107 0.393459 0.174464 0.399952 0.150390 0.456892 0.135033 0.450399
0 0.128906 0.603376 0.144531 0.603376 0.144531 0.673689 0.128906 0.673689
0 0.164062 0.687360 0.155706 0.700375 0.132109 0.685223 0.140465 0.672209