0 0.003897 0.490381 0.058594 0.503767 0.054697 0.519690 0.000000 0.506304
0 0.214844 0.503767 0.051626 0.520143 0.050211 0.506045 0.213429 0.489668
0 0.214844 0.492048 0.369141 0.492048 0.369141 0.507673 0.214844 0.507673
0 0.364717 0.486743 0.412818 0.496494 0.410156 0.509626 0.362055 0.499876
0 0.492187 0.499860 0.418450 0.514808 0.414659 0.496110 0.488397 0.481162
0 0.490845 0.475836 0.565102 0.498807 0.560547 0.513532 0.486289 0.490562
0 0.564513 0.502915 0.649363 0.529162 0.644531 0.544782 0.559681 0.518535
0 0.765625 0.535017 0.643620 0.547258 0.641984 0.530950 0.763989 0.518708
0 0.843750 0.536970 0.770552 0.544314 0.768664 0.525493 0.841862 0.518149
0 0.851959 0.523318 0.911299 0.535347 0.907807 0.552575 0.848467 0.540546
0 0.919716 0.498070 0.973603 0.508993 0.970703 0.523298 0.916816 0.512375