0 0.291016 0.058454 0.304688 0.058454 0.304688 0.091657 0.291016 0.091657
0 0.296228 0.082186 0.308246 0.094560 0.285053 0.117085 0.273035 0.104710
0 0.304585 0.156147 0.289667 0.162454 0.268911 0.113363 0.283829 0.107055
0 0.285054 0.160054 0.298725 0.160054 0.298725 0.189350 0.285054 0.189350
0 0.330626 0.253678 0.345364 0.261729 0.308579 0.329063 0.293841 0.321012
0 0.300679 0.324116 0.312397 0.324116 0.312397 0.382710 0.300679 0.382710
0 0.080921 0.412635 0.173132 0.421887 0.171772 0.435444 0.079561 0.426192
0 0.076751 0.428125 0.003803 0.435444 0.002298 0.420439 0.075245 0.413120
0 0.221601 0.416672 0.165624 0.433987 0.161006 0.419060 0.216983 0.401745
0 0.216694 0.404194 0.277241 0.404194 0.277241 0.417866 0.216694 0.417866
0 0.310444 0.382710 0.317651 0.396870 0.278434 0.416830 0.271227 0.402670
0 0.339741 0.566303 0.324804 0.572619 0.296584 0.505874 0.311522 0.499559
0 0.292866 0.423725 0.306538 0.423725 0.306538 0.495991 0.292866 0.495991