0 0.813563 0.996529 0.796826 0.999230 0.637561 0.012327 0.654297 0.009626
0 0.541016 0.408064 0.313917 0.488397 0.307497 0.470250 0.534596 0.389916
0 0.533203 0.388532 0.707031 0.388532 0.707031 0.413923 0.533203 0.413923
0 0.300959 0.508808 0.282381 0.526115 0.193182 0.430367 0.211760 0.413059
0 0.334881 0.547077 0.226053 0.557996 0.223713 0.534676 0.332541 0.523756
0 0.236260 0.529443 0.229172 0.543368 0.169990 0.513247 0.177078 0.499322
0 0.215246 0.549881 0.238010 0.565454 0.193359 0.630720 0.170596 0.615146
0 0.182627 0.619641 0.196234 0.633652 0.141592 0.686721 0.127984 0.672710
0 0.126640 0.683702 0.139434 0.687660 0.091797 0.841657 0.079003 0.837700
0 0.091797 0.648298 0.109343 0.660302 0.054766 0.740077 0.037220 0.728074
0 0.104899 0.556241 0.126953 0.558454 0.116767 0.659975 0.094713 0.657762
0 0.185547 0.437361 0.171006 0.443508 0.130805 0.348425 0.145347 0.342278
0 0.164606 0.447762 0.183748 0.451642 0.171331 0.512897 0.152189 0.509016
0 0.096012 0.988160 0.081978 0.990281 0.043877 0.738183 0.057911 0.736062