0 0.026235 0.864057 0.036238 0.868286 0.010002 0.930338 0.000000 0.926109
0 0.020612 0.784301 0.030378 0.784301 0.030378 0.860473 0.020612 0.860473
0 0.053816 0.725707 0.064987 0.733350 0.029252 0.785583 0.018081 0.777941
0 0.065007 0.667790 0.076772 0.671429 0.060122 0.725255 0.048357 0.721616
0 0.057722 0.635864 0.073347 0.635864 0.073347 0.674926 0.057722 0.674926
0 0.064611 0.638839 0.049064 0.640399 0.043020 0.580154 0.058567 0.578594
0 0.052605 0.578404 0.036914 0.579978 0.032331 0.534301 0.048022 0.532727
0 0.035023 0.482482 0.049415 0.488567 0.029639 0.535339 0.015248 0.529255
0 0.040144 0.448364 0.055769 0.448364 0.055769 0.493286 0.040144 0.493286
0 0.065534 0.440551 0.056196 0.447078 0.028883 0.408000 0.038222 0.401473
0 0.049909 0.335082 0.064417 0.341216 0.036440 0.407389 0.021932 0.401255
0 0.068781 0.274798 0.079575 0.279361 0.054475 0.338726 0.043682 0.334163
0 0.094831 0.276489 0.082843 0.281557 0.067487 0.245239 0.079476 0.240170
0 0.082434 0.195559 0.095833 0.198275 0.085744 0.248044 0.072345 0.245328
0 0.098674 0.151335 0.108440 0.151335 0.108440 0.204070 0.098674 0.204070
0 0.100465 0.070662 0.116012 0.072222 0.108602 0.146070 0.093055 0.144510
0 0.110309 0.039019 0.123708 0.041735 0.116336 0.078105 0.102937 0.075388
0 0.173858 0.000000 0.180091 0.009924 0.117240 0.049398 0.111007 0.039474