0 0.711266 0.405609 0.640991 0.444001 0.634437 0.432002 0.704712 0.393611
0 0.712891 0.337751 0.728516 0.337751 0.728516 0.404157 0.712891 0.404157
0 0.722431 0.266814 0.735492 0.270855 0.717022 0.330563 0.703961 0.326523
0 0.738178 0.399771 0.829383 0.438331 0.821640 0.456644 0.730436 0.418083
0 0.908114 0.443026 0.830078 0.458845 0.825962 0.438538 0.903997 0.422719
0 0.948092 0.488589 0.936808 0.496309 0.901518 0.444726 0.912802 0.437006
0 0.947266 0.492048 0.990234 0.492048 0.990234 0.511579 0.947266 0.511579
0 0.948836 0.358808 0.960938 0.369001 0.915216 0.423283 0.903115 0.413090
0 0.962891 0.359236 0.998047 0.359236 0.998047 0.374861 0.962891 0.374861
0 0.169922 0.206892 0.185547 0.206892 0.185547 0.304548 0.169922 0.304548
0 0.168277 0.300393 0.179472 0.303856 0.159848 0.367297 0.148653 0.363834
0 0.189453 0.449079 0.171428 0.450888 0.163343 0.370308 0.181368 0.368499