0 0.564398 0.001029 0.583832 0.002979 0.576227 0.078770 0.556793 0.076820
0 0.582031 0.175642 0.564768 0.177899 0.552166 0.081501 0.569429 0.079244
0 0.564453 0.175642 0.591797 0.175642 0.591797 0.245954 0.564453 0.245954
0 0.556842 0.246164 0.581529 0.251168 0.570313 0.306501 0.545625 0.301497
0 0.554688 0.304548 0.576172 0.304548 0.576172 0.495954 0.554688 0.495954
0 0.589844 0.529157 0.568908 0.535633 0.555319 0.491702 0.576254 0.485226
0 0.560701 0.530043 0.579629 0.531942 0.572266 0.605329 0.553338 0.603430
0 0.562850 0.602039 0.581992 0.605920 0.569963 0.665260 0.550821 0.661379
0 0.546875 0.665876 0.570312 0.665876 0.570312 0.734236 0.546875 0.734236
0 0.548828 0.732282 0.568359 0.732282 0.568359 0.935407 0.548828 0.935407
0 0.557780 0.931994 0.575512 0.944125 0.545736 0.987649 0.528004 0.975518