0 0.111669 0.092365 0.455264 0.102676 0.454737 0.120246 0.111142 0.109935
0 0.132956 0.406035 0.234375 0.408064 0.234129 0.420345 0.132710 0.418316
0 0.295832 0.422990 0.243434 0.433611 0.240234 0.417829 0.292632 0.407208
0 0.326190 0.502549 0.310547 0.505720 0.291308 0.410812 0.306951 0.407641
0 0.307113 0.507133 0.320512 0.509849 0.304215 0.590245 0.290816 0.587529
0 0.319924 0.644228 0.304610 0.647333 0.293357 0.591821 0.308671 0.588717
0 0.306641 0.646345 0.322266 0.646345 0.322266 0.726423 0.306641 0.726423
0 0.125485 0.702626 0.462890 0.712751 0.462282 0.733021 0.124877 0.722895
0 0.333984 0.919782 0.321293 0.920545 0.309545 0.724969 0.322236 0.724206
0 0.325984 0.921959 0.337891 0.925642 0.315675 0.997459 0.303768 0.993775
0 0.357855 0.378236 0.301705 0.408911 0.293459 0.393817 0.349610 0.363142
0 0.430651 0.358023 0.359532 0.379246 0.354505 0.362402 0.425625 0.341179