0 0.855154 0.003024 0.872732 0.003024 0.872732 0.192477 0.855154 0.192477
0 0.848027 0.187856 0.865660 0.191430 0.855154 0.243259 0.837521 0.239684
0 0.896169 0.297946 0.884353 0.307898 0.841696 0.257254 0.853512 0.247301
0 0.868711 0.320776 0.881618 0.324768 0.851248 0.422946 0.838341 0.418954
0 0.864919 0.438571 0.880544 0.438571 0.880544 0.506930 0.864919 0.506930
0 0.845388 0.510837 0.861013 0.510837 0.861013 0.620212 0.845388 0.620212
0 0.868395 0.687713 0.854791 0.689078 0.847772 0.619117 0.861375 0.617752
0 0.857107 0.700290 0.870779 0.700290 0.870779 0.768649 0.857107 0.768649
0 0.877191 0.812859 0.865530 0.814029 0.860461 0.763502 0.872121 0.762332
0 0.865927 0.822801 0.881474 0.824361 0.871724 0.921529 0.856177 0.919969
0 0.907740 0.964711 0.894844 0.973533 0.865068 0.930010 0.877964 0.921187