0 0.124329 0.717193 0.108723 0.717974 0.085979 0.263465 0.101584 0.262684
0 0.353201 0.008884 0.368826 0.008884 0.368826 0.083102 0.353201 0.083102
0 0.366872 0.083102 0.456716 0.083102 0.456716 0.100680 0.366872 0.100680
0 0.006262 0.748156 0.090041 0.754030 0.088811 0.771565 0.005032 0.765691
0 0.215469 0.788540 0.144565 0.810473 0.139370 0.793680 0.210274 0.771747
0 0.259787 0.730398 0.278929 0.734278 0.263020 0.812760 0.243878 0.808880
0 0.219217 0.779808 0.257498 0.795993 0.251041 0.811264 0.212761 0.795080
0 0.282888 0.624118 0.304372 0.624118 0.304372 0.712009 0.282888 0.712009
0 0.118826 0.973727 0.105757 0.975039 0.085056 0.768713 0.098124 0.767401
0 0.128591 0.719821 0.144216 0.719821 0.144216 0.794040 0.128591 0.794040
0 0.131282 0.796648 0.150424 0.800529 0.137619 0.863697 0.118477 0.859817
0 0.148351 0.874164 0.164542 0.881010 0.130316 0.961962 0.114125 0.955117