0 0.649840 0.289554 0.670042 0.290160 0.649839 0.963382 0.629637 0.962776
0 0.671288 0.659290 0.710386 0.686038 0.702215 0.697982 0.663117 0.671234
0 0.702574 0.689944 0.718199 0.689944 0.718199 0.734866 0.702574 0.734866
0 0.757378 0.127157 0.770665 0.128490 0.761167 0.223148 0.747881 0.221814
0 0.783747 0.293977 0.767027 0.297366 0.753708 0.231663 0.770429 0.228274
0 0.762435 0.302569 0.780309 0.306192 0.765074 0.381351 0.747200 0.377727
0 0.934996 0.125491 0.765984 0.140743 0.764660 0.126071 0.933672 0.110819
0 0.663511 0.115726 0.747496 0.115726 0.747496 0.129397 0.663511 0.129397
0 0.708433 0.018069 0.724058 0.018069 0.724058 0.123538 0.708433 0.123538
0 0.706136 0.092542 0.630308 0.107913 0.627266 0.092905 0.703093 0.077534
0 0.614036 0.125952 0.485777 0.180179 0.478782 0.163635 0.607041 0.109408