0 0.406150 0.013572 0.398908 0.017529 0.392479 0.005760 0.399721 0.001803
0 0.398159 0.011591 0.405637 0.013987 0.396385 0.042869 0.388907 0.040474
0 0.390525 0.040916 0.398338 0.040916 0.398338 0.083885 0.390525 0.083885
0 0.392331 0.079547 0.397803 0.084155 0.384278 0.100212 0.378807 0.095604
0 0.384666 0.095604 0.392479 0.095604 0.392479 0.136619 0.384666 0.136619
0 0.378807 0.136619 0.388572 0.136619 0.388572 0.169822 0.378807 0.169822
0 0.386300 0.167735 0.370994 0.183494 0.364906 0.177581 0.380212 0.161822
0 0.367088 0.175682 0.374900 0.175682 0.374900 0.218650 0.367088 0.218650
0 0.415916 0.281150 0.425682 0.281150 0.425682 0.316307 0.415916 0.316307
0 0.422548 0.314041 0.383086 0.354673 0.376081 0.347869 0.415543 0.307237
0 0.383328 0.357021 0.347307 0.381664 0.340833 0.372200 0.376854 0.347557
0 0.335838 0.296775 0.345604 0.296775 0.345604 0.355369 0.335838 0.355369
0 0.354604 0.378151 0.345563 0.380948 0.338516 0.358166 0.347557 0.355369
0 0.342677 0.372825 0.350480 0.373216 0.344623 0.490257 0.336821 0.489866
0 0.335838 0.484275 0.343650 0.484275 0.343650 0.540916 0.335838 0.540916
0 0.335838 0.540916 0.345604 0.540916 0.345604 0.607322 0.335838 0.607322
0 0.347557 0.642479 0.341106 0.644474 0.329663 0.607483 0.336114 0.605488
0 0.218650 0.648338 0.347557 0.648338 0.347557 0.656150 0.218650 0.656150
0 0.335838 0.642479 0.341697 0.642479 0.341697 0.699119 0.335838 0.699119
0 0.355369 0.730369 0.349047 0.732325 0.337698 0.695636 0.344020 0.693680
0 0.347960 0.732147 0.355733 0.732927 0.347154 0.818435 0.339380 0.817655
0 0.337885 0.813967 0.347557 0.814354 0.340361 0.994144 0.330689 0.993757
0 0.291828 0.283674 0.301613 0.287811 0.277198 0.345557 0.267413 0.341420
0 0.271338 0.341651 0.281104 0.341651 0.281104 0.419776 0.271338 0.419776
0 0.283057 0.468604 0.272694 0.469644 0.268147 0.424330 0.278511 0.423291
0 0.278825 0.459609 0.287409 0.465481 0.254531 0.513538 0.245948 0.507666
0 0.243995 0.529151 0.273291 0.529151 0.273291 0.536963 0.243995 0.536963
0 0.269385 0.538916 0.279151 0.538916 0.279151 0.613135 0.269385 0.613135
0 0.266569 0.614850 0.276286 0.615825 0.266342 0.714936 0.256625 0.713961
0 0.259620 0.708838 0.269385 0.708838 0.269385 0.788916 0.259620 0.788916
0 0.261573 0.781104 0.269385 0.781104 0.269385 0.867041 0.261573 0.867041