0 0.698661 0.001814 0.714286 0.001814 0.714286 0.124861 0.698661 0.124861
0 0.684989 0.134626 0.694754 0.134626 0.694754 0.255720 0.684989 0.255720
0 0.724051 0.310407 0.706568 0.317799 0.684369 0.265295 0.701853 0.257903
0 0.705926 0.371401 0.692865 0.375441 0.673817 0.313867 0.686879 0.309827
0 0.683167 0.372327 0.701118 0.374129 0.688895 0.495954 0.670944 0.494153
0 0.746808 0.602028 0.677770 0.623384 0.671998 0.604725 0.741036 0.583369
0 0.826842 0.599786 0.755938 0.621719 0.750167 0.603060 0.821070 0.581127
0 0.999236 0.579073 0.908663 0.597433 0.905356 0.581117 0.995928 0.562757
0 0.825614 0.587751 0.901786 0.587751 0.901786 0.607282 0.825614 0.607282
0 0.170224 0.683897 0.116629 0.720564 0.110565 0.711699 0.164160 0.675033
0 0.177144 0.679291 0.213315 0.709757 0.202567 0.722517 0.166397 0.692051
0 0.216239 0.704939 0.288504 0.704939 0.288504 0.720564 0.216239 0.720564
0 0.341935 0.688428 0.300015 0.723737 0.287600 0.708997 0.329520 0.673689
0 0.347098 0.681501 0.419364 0.681501 0.419364 0.701032 0.347098 0.701032
0 0.602694 0.707513 0.538504 0.761579 0.527664 0.748709 0.591854 0.694643
0 0.656447 0.640850 0.665458 0.652204 0.604415 0.700645 0.595405 0.689290