0 0.332120 0.206819 0.319600 0.222596 0.276998 0.188789 0.289518 0.173012
0 0.324684 0.207033 0.382110 0.218674 0.378618 0.235902 0.321192 0.224261
0 0.381854 0.226469 0.442081 0.251932 0.435826 0.266725 0.375600 0.241262
0 0.441495 0.253694 0.459073 0.253694 0.459073 0.329866 0.441495 0.329866
0 0.438475 0.319405 0.455702 0.322898 0.434749 0.426264 0.417521 0.422772
0 0.410365 0.417817 0.421374 0.420049 0.411488 0.468817 0.400479 0.466585
0 0.420164 0.541869 0.406561 0.543234 0.398371 0.461613 0.411975 0.460248
0 0.457120 0.581819 0.443481 0.591150 0.412541 0.545925 0.426180 0.536594
0 0.472745 0.519319 0.485981 0.526550 0.452902 0.587100 0.439666 0.579869
0 0.488370 0.675569 0.470121 0.681214 0.441822 0.589731 0.460070 0.584086
0 0.490323 0.755647 0.470123 0.759742 0.453648 0.678465 0.473847 0.674371
0 0.470944 0.753303 0.490435 0.759332 0.465277 0.840661 0.445786 0.834632
0 0.449307 0.831819 0.466885 0.831819 0.466885 0.927522 0.449307 0.927522
0 0.482510 0.195100 0.495741 0.204152 0.455166 0.263460 0.441936 0.254408