0 0.351562 0.779157 0.256065 0.798515 0.253308 0.784913 0.348805 0.765555
0 0.361328 0.763532 0.423828 0.763532 0.423828 0.779157 0.361328 0.779157
0 0.510894 0.760275 0.427073 0.786204 0.422038 0.769930 0.505859 0.744001
0 0.503906 0.744001 0.537109 0.744001 0.537109 0.763532 0.503906 0.763532
0 0.538735 0.747999 0.633895 0.799985 0.625000 0.816267 0.529840 0.764281
0 0.622318 0.799623 0.760297 0.813467 0.758542 0.830957 0.620563 0.817113
0 0.836728 0.792933 0.760099 0.825332 0.753449 0.809603 0.830078 0.777204
0 0.821696 0.781386 0.994141 0.798689 0.992329 0.816745 0.819884 0.799443
0 0.488281 0.001814 0.695312 0.001814 0.695312 0.013672 0.488281 0.013672
0 0.773871 0.014927 0.711608 0.034187 0.707031 0.019392 0.769294 0.000132
0 0.414062 0.009626 0.484375 0.009626 0.484375 0.021345 0.414062 0.021345
0 0.508329 0.243538 0.523876 0.245098 0.511202 0.371417 0.495655 0.369857
0 0.525243 0.440199 0.507752 0.441954 0.500148 0.366163 0.517638 0.364408
0 0.519361 0.116649 0.532964 0.118013 0.521655 0.230729 0.508051 0.229364