0 0.316406 0.000000 0.335938 0.000000 0.335938 0.162109 0.316406 0.162109
0 0.292526 0.859375 0.307937 0.859375 0.307937 1.000000 0.292526 1.000000
0 0.629538 0.831334 0.605534 0.833017 0.597263 0.715061 0.621267 0.713378
0 0.601782 0.834116 0.624662 0.837107 0.609450 0.953466 0.586569 0.950475
0 0.621973 0.984702 0.604379 0.994314 0.583243 0.955625 0.600837 0.946013
0 0.853665 0.273255 0.998175 0.283388 0.996705 0.304357 0.852194 0.294225
0 0.004398 0.157792 0.184976 0.183239 0.182272 0.202428 0.001694 0.176981
0 0.188667 0.190249 0.352194 0.220006 0.347757 0.244388 0.184230 0.214631
0 0.323750 0.196008 0.501416 0.232022 0.496725 0.255162 0.319060 0.219148
0 0.539228 0.421806 0.509644 0.423583 0.499811 0.259906 0.529396 0.258129
0 0.608913 0.176854 0.536410 0.264559 0.520431 0.251350 0.592934 0.163646
0 0.755628 0.193472 0.610297 0.209523 0.607953 0.188297 0.753283 0.172246
0 0.708947 0.124213 0.883003 0.176153 0.876301 0.198612 0.702245 0.146671