0 0.808531 0.206603 0.824156 0.206603 0.824156 0.273009 0.808531 0.273009
0 0.803967 0.268367 0.816215 0.278070 0.770126 0.336245 0.757879 0.326542
0 0.767701 0.336113 0.779357 0.343259 0.749752 0.391546 0.738096 0.384400
0 0.740172 0.386290 0.763609 0.386290 0.763609 0.499572 0.740172 0.499572
0 0.764506 0.504372 0.699156 0.532775 0.693414 0.519563 0.758764 0.491160
0 0.695250 0.528869 0.714781 0.528869 0.714781 0.569884 0.695250 0.569884
0 0.698216 0.575330 0.646422 0.597228 0.639750 0.581448 0.691545 0.559550
0 0.644469 0.587462 0.659568 0.591318 0.643320 0.654951 0.628220 0.651096
0 0.613368 0.641468 0.629558 0.648313 0.606741 0.702282 0.590550 0.695437
0 0.259029 0.546828 0.284420 0.546828 0.284420 0.703078 0.259029 0.703078
0 0.091060 0.679641 0.188716 0.679641 0.188716 0.699172 0.091060 0.699172
0 0.184754 0.693127 0.241633 0.704657 0.237984 0.722656 0.181105 0.711126
0 0.264002 0.704688 0.236031 0.720703 0.229545 0.709374 0.257515 0.693359
0 0.012935 0.882766 0.108638 0.882766 0.108638 0.896437 0.012935 0.896437
0 0.163659 0.859515 0.112545 0.894484 0.104399 0.882578 0.155513 0.847609
0 0.309810 0.835891 0.294893 0.844040 0.246815 0.756033 0.261732 0.747884
0 0.372310 0.947219 0.358914 0.952415 0.317333 0.845208 0.330729 0.840012