0 0 0.10332 0.00878906 0.0849609 0.0990234 0.127344 0.0904297 0.145898
0 0.0964844 0.150586 0.103711 0.130859 0.179492 0.158594 0.172266 0.17832
0 0.222656 0.143359 0.268945 0.152734 0.26543 0.170703 0.218945 0.161133
0 0.171094 0.155859 0.212305 0.142969 0.218164 0.161719 0.176953 0.174414
0 0.329688 0.0720703 0.480078 0.0734375 0.479883 0.0929688 0.329492 0.0916016
0 0.474805 0.0923828 0.480469 0.0740234 0.552148 0.0960938 0.546484 0.114453
0 0.558008 0.0863281 0.630273 0.0863281 0.630273 0.107813 0.558008 0.107813
0 0.629687 0.123242 0.752148 0.135547 0.750195 0.155078 0.627734 0.142773
0 0.296289 0.0277344 0.311914 0.0277344 0.311914 0.0824219 0.296289 0.0824219
0 0.311914 0.000390625 0.327539 0.00703125 0.317773 0.0296875 0.302344 0.0232422
0 0.261133 0.0882813 0.292383 0.0751953 0.297852 0.0882813 0.266797 0.101562
