0 0.430903 0.630286 0.006914 0.694365 0.002606 0.665865 0.426596 0.601786
0 0.694480 0.588216 0.427382 0.636820 0.423186 0.613761 0.690284 0.565158
0 0.870980 0.552246 0.764958 0.586208 0.758404 0.565747 0.864426 0.531786
0 0.909419 0.614661 0.886011 0.620638 0.832691 0.411817 0.856098 0.405840
0 0.968975 0.583341 0.948062 0.600956 0.888925 0.530746 0.909838 0.513131
0 0.967730 0.593995 0.913325 0.624426 0.904719 0.609041 0.959124 0.578609
0 0.855720 0.404058 0.827879 0.409413 0.789682 0.210801 0.817523 0.205446
0 0.815669 0.196692 0.923091 0.196692 0.923091 0.227942 0.815669 0.227942
0 0.940669 0.255286 0.845545 0.353229 0.828819 0.336984 0.923943 0.239041
0 0.998920 0.263501 0.930560 0.292403 0.922955 0.274414 0.991315 0.245512
0 0.796138 0.089270 0.821528 0.089270 0.821528 0.190833 0.796138 0.190833
0 0.866926 0.151177 0.848267 0.156948 0.826911 0.087910 0.845570 0.082139
0 0.805903 0.003333 0.827388 0.003333 0.827388 0.087317 0.805903 0.087317