0 0.126541 0.723365 0.115056 0.725693 0.085954 0.582129 0.097439 0.579800
0 0.142140 0.857787 0.128536 0.859152 0.115277 0.727003 0.128880 0.725638
0 0.633145 0.000000 0.641717 0.013350 0.596482 0.042395 0.587910 0.029045
0 0.705857 0.038489 0.696828 0.052550 0.641359 0.016934 0.650387 0.002872
0 0.750778 0.116614 0.736660 0.126273 0.688274 0.055548 0.702393 0.045889
0 0.738407 0.119999 0.753954 0.121559 0.743619 0.224557 0.728072 0.222997
0 0.730993 0.216568 0.743586 0.221892 0.713923 0.292051 0.701331 0.286727
0 0.770074 0.348845 0.755147 0.353462 0.731483 0.276961 0.746410 0.272343
0 0.737107 0.350989 0.754685 0.350989 0.754685 0.429114 0.737107 0.429114
0 0.731247 0.429114 0.746872 0.429114 0.746872 0.526770 0.731247 0.526770
0 0.748825 0.552161 0.742586 0.564419 0.704413 0.544990 0.710652 0.532731
0 0.760544 0.604895 0.747004 0.610620 0.724845 0.558210 0.738386 0.552485
0 0.737107 0.608801 0.752732 0.608801 0.752732 0.653723 0.737107 0.653723
0 0.694833 0.664206 0.612560 0.720493 0.604052 0.708056 0.686325 0.651770
0 0.692185 0.657629 0.741013 0.657629 0.741013 0.671301 0.692185 0.671301
0 0.545510 0.760525 0.615668 0.790188 0.610344 0.802781 0.540185 0.773118
0 0.607538 0.712148 0.619536 0.718703 0.595191 0.763267 0.583192 0.756713
0 0.680466 0.802161 0.694138 0.802161 0.694138 0.917395 0.680466 0.917395
0 0.678513 0.917395 0.694138 0.917395 0.694138 0.983801 0.678513 0.983801
0 0.813751 0.922933 0.691319 0.935217 0.689759 0.919670 0.812191 0.907386
0 0.930502 0.920018 0.825839 0.963040 0.819943 0.948699 0.924607 0.905676
0 0.996872 0.868567 0.932865 0.912357 0.924039 0.899455 0.988046 0.855666
0 0.754764 0.645529 0.819138 0.665442 0.814343 0.680943 0.749970 0.661030