0 0.364758 0.416362 0.352808 0.426427 0.318835 0.386094 0.330786 0.376028
0 0.431134 0.415682 0.369560 0.434729 0.363788 0.416070 0.425362 0.397023
0 0.475696 0.419938 0.468208 0.434649 0.420329 0.410280 0.427817 0.395569
0 0.482970 0.417968 0.567646 0.444162 0.562500 0.460798 0.477823 0.434604
0 0.568359 0.449079 0.611328 0.449079 0.611328 0.466657 0.568359 0.466657
0 0.628555 0.385320 0.646940 0.393093 0.619141 0.458845 0.600755 0.451072
0 0.632812 0.380720 0.740234 0.380720 0.740234 0.398298 0.632812 0.398298
0 0.730357 0.397916 0.743801 0.409240 0.693472 0.468993 0.680027 0.457669
0 0.823310 0.387226 0.735257 0.405075 0.731377 0.385933 0.819430 0.368084
0 0.828125 0.380720 0.882812 0.380720 0.882812 0.402204 0.828125 0.402204
0 0.899141 0.293413 0.915466 0.298463 0.890625 0.378767 0.874300 0.373717
0 0.809842 0.612679 0.823241 0.615395 0.805392 0.703448 0.791993 0.700732
0 0.813628 0.762596 0.798081 0.764156 0.791841 0.701968 0.807388 0.700409
0 0.791345 0.762865 0.805235 0.764258 0.794922 0.867048 0.781032 0.865654