0 0.017516 0.920723 0.075300 0.938598 0.071139 0.952050 0.013355 0.934176
0 0.136349 0.937744 0.071267 0.950937 0.068938 0.939452 0.134021 0.926259
0 0.130699 0.926327 0.182265 0.931501 0.180769 0.946411 0.129203 0.941237
0 0.240156 0.930882 0.184644 0.942135 0.181928 0.928736 0.237440 0.917483
0 0.236348 0.916862 0.319913 0.925246 0.318548 0.938850 0.234984 0.930465
0 0.305769 0.924926 0.383894 0.924926 0.383894 0.936645 0.305769 0.936645
0 0.394272 0.856109 0.408838 0.857570 0.395613 0.989379 0.381047 0.987918
0 0.381941 0.702270 0.395612 0.702270 0.395612 0.784301 0.381941 0.784301
0 0.411238 0.672973 0.394732 0.705403 0.382599 0.699228 0.399105 0.666798
0 0.497175 0.653442 0.408446 0.679920 0.404297 0.666016 0.493026 0.639538
0 0.566192 0.642415 0.497281 0.656384 0.494565 0.642984 0.563476 0.629015
0 0.623019 0.633769 0.564389 0.645654 0.561982 0.633778 0.620612 0.621893
0 0.661928 0.640488 0.656253 0.651368 0.616935 0.630859 0.622611 0.619979
0 0.675761 0.595471 0.687319 0.603378 0.654994 0.650628 0.643436 0.642720
0 0.679688 0.599609 0.751953 0.599609 0.751953 0.611328 0.679688 0.611328
0 0.746194 0.613291 0.787295 0.630668 0.781587 0.644167 0.740487 0.626790
0 0.785409 0.628743 0.845956 0.628743 0.845956 0.640462 0.785409 0.640462
0 0.864498 0.650796 0.855721 0.658040 0.841887 0.641278 0.850664 0.634034
0 0.855721 0.642415 0.959237 0.642415 0.959237 0.656087 0.855721 0.656087
0 0.951274 0.639080 0.998602 0.659090 0.992440 0.673665 0.945112 0.653655
0 0.507993 0.458984 0.521665 0.458984 0.521665 0.529297 0.507993 0.529297
0 0.537013 0.586462 0.523912 0.590371 0.504364 0.524866 0.517465 0.520957
0 0.517852 0.460196 0.507013 0.464651 0.482509 0.405038 0.493348 0.400583
0 0.493976 0.409142 0.482113 0.417257 0.457212 0.380859 0.469074 0.372744
0 0.457212 0.320312 0.470884 0.320312 0.470884 0.371094 0.457212 0.371094
0 0.451352 0.287109 0.463071 0.287109 0.463071 0.320312 0.451352 0.320312
0 0.392759 0.001953 0.406430 0.001953 0.406430 0.029297 0.392759 0.029297
0 0.398618 0.029297 0.410337 0.029297 0.410337 0.089844 0.398618 0.089844
0 0.396091 0.083366 0.408217 0.089679 0.387473 0.129525 0.375347 0.123211