0 0.879533 0.877725 0.804625 0.896056 0.800029 0.877278 0.874937 0.858947
0 0.714175 0.867532 0.800186 0.874428 0.798765 0.892150 0.712754 0.885254
0 0.716734 0.907775 0.635087 0.931253 0.630463 0.915174 0.712111 0.891696
0 0.631392 0.904448 0.623391 0.919785 0.574156 0.894103 0.582157 0.878766
0 0.573420 0.897387 0.514393 0.937769 0.501457 0.918861 0.560484 0.878478
0 0.355572 0.884597 0.209460 0.906679 0.206969 0.890197 0.353081 0.868114
0 0.351500 0.855040 0.412047 0.855040 0.412047 0.876525 0.351500 0.876525
0 0.072659 0.924275 0.093687 0.933166 0.065802 0.999122 0.044773 0.990231
0 0.079270 0.829026 0.096760 0.830781 0.086621 0.931836 0.069130 0.930081
0 0.191344 0.819884 0.098921 0.848474 0.093096 0.829646 0.185519 0.801056
0 0.094458 0.826489 0.071635 0.830406 0.049379 0.700755 0.072203 0.696837
0 0.084868 0.691260 0.062437 0.700744 0.010482 0.577857 0.032913 0.568373
0 0.062437 0.356994 0.041940 0.361577 0.000895 0.178026 0.021392 0.173443
0 0.046812 0.362853 0.126890 0.362853 0.126890 0.378478 0.046812 0.378478
0 0.040739 0.368147 0.059556 0.370991 0.034380 0.537572 0.015562 0.534728