0 0.327157 0.399727 0.461597 0.424191 0.458659 0.440340 0.324219 0.415876
0 0.507430 0.511277 0.521085 0.511960 0.517961 0.574382 0.504306 0.573699
0 0.242929 0.390986 0.330625 0.418114 0.325431 0.434907 0.237734 0.407779
0 0.629490 0.392271 0.569407 0.432499 0.559058 0.417042 0.619141 0.376814
0 0.623047 0.378767 0.660156 0.378767 0.660156 0.396345 0.623047 0.396345
0 0.484375 0.630651 0.497989 0.630787 0.494316 0.998047 0.480702 0.997911
0 0.524387 0.588284 0.534700 0.596970 0.498047 0.640486 0.487734 0.631799
0 0.166269 0.618986 0.492188 0.628767 0.491799 0.641729 0.165880 0.631948
0 0.163037 0.199016 0.176709 0.199152 0.174853 0.384690 0.161182 0.384553
0 0.832021 0.355410 0.724084 0.401045 0.718760 0.388452 0.826697 0.342817
0 0.972801 0.241052 0.892568 0.265871 0.888527 0.252810 0.968761 0.227991
0 0.873734 0.257020 0.888541 0.263281 0.871094 0.304548 0.856286 0.298288
0 0.920443 0.346850 0.838133 0.363536 0.835416 0.350136 0.917727 0.333451
0 0.952139 0.291277 0.960938 0.298689 0.923901 0.342660 0.915102 0.335249
0 0.154297 0.511579 0.166016 0.511579 0.166016 0.583845 0.154297 0.583845
0 0.979494 0.099229 0.995474 0.099549 0.977502 0.998047 0.961521 0.997727