0 0.088177 0.117462 0.436100 0.127903 0.435547 0.146345 0.087624 0.135904
0 0.105997 0.422246 0.212891 0.427595 0.212103 0.443337 0.105209 0.437988
0 0.271836 0.444737 0.224609 0.464704 0.217680 0.448314 0.264906 0.428347
0 0.287109 0.396345 0.298037 0.403821 0.274382 0.438397 0.263454 0.430921
0 0.406250 0.384626 0.302735 0.405609 0.299931 0.391773 0.403445 0.370789
0 0.303309 0.532608 0.289910 0.535324 0.268956 0.431957 0.282356 0.429241
0 0.285260 0.532290 0.300928 0.535466 0.283203 0.622907 0.267535 0.619731
0 0.300455 0.670491 0.287394 0.674531 0.271810 0.624152 0.284871 0.620112
0 0.287109 0.671736 0.300781 0.671736 0.300781 0.745954 0.287109 0.745954
0 0.104035 0.735612 0.455632 0.749684 0.455078 0.763532 0.103481 0.749461
0 0.312500 0.949079 0.300452 0.949803 0.288353 0.748398 0.300401 0.747674
0 0.304765 0.938873 0.316250 0.941201 0.304610 0.998627 0.293125 0.996299