0 0.679686 0.000000 0.694999 0.002311 0.679866 0.076965 0.664553 0.073861
0 0.670860 0.062547 0.681144 0.068165 0.641816 0.140154 0.631532 0.134536
0 0.642666 0.134554 0.652432 0.134554 0.652432 0.169710 0.642666 0.169710
0 0.685635 0.157991 0.673476 0.164633 0.660245 0.140413 0.672403 0.133770
0 0.667946 0.158180 0.685524 0.158180 0.685524 0.203102 0.667946 0.203102
0 0.691383 0.279274 0.677486 0.280668 0.669899 0.205055 0.683797 0.203661
0 0.675567 0.273080 0.690467 0.277852 0.656227 0.384743 0.641327 0.379970
0 0.651196 0.428020 0.635765 0.429569 0.631031 0.382385 0.646461 0.380837
0 0.644508 0.425758 0.658180 0.425758 0.658180 0.503883 0.644508 0.503883
0 0.671852 0.492165 0.683571 0.492165 0.683571 0.542946 0.671852 0.542946
0 0.468727 0.519508 0.564430 0.519508 0.564430 0.537087 0.468727 0.537087
0 0.568152 0.537042 0.629563 0.549490 0.626930 0.562477 0.565519 0.550028
0 0.624977 0.550758 0.664040 0.550758 0.664040 0.564430 0.624977 0.564430
0 0.658180 0.537087 0.677712 0.537087 0.677712 0.558571 0.658180 0.558571
0 0.659375 0.550537 0.737533 0.559169 0.736305 0.570290 0.658147 0.561657
0 0.680008 0.529048 0.882790 0.535133 0.882321 0.550744 0.679540 0.544659
0 0.723458 0.556789 0.773415 0.572243 0.769515 0.584849 0.719559 0.569396
0 0.850949 0.561931 0.773415 0.585915 0.768146 0.568883 0.845680 0.544899
0 0.896461 0.554665 0.848152 0.564457 0.845259 0.550184 0.893568 0.540391
0 0.933659 0.564453 0.926526 0.575562 0.889672 0.551898 0.896805 0.540790
0 0.971349 0.569140 0.927982 0.577930 0.925449 0.565431 0.968815 0.556641
0 0.972090 0.555993 0.999625 0.567635 0.994397 0.580001 0.966862 0.568359