0 0.744283 0.087206 0.994233 0.092205 0.993998 0.103922 0.744048 0.098922
0 0.945312 0.261579 0.934719 0.262322 0.916764 0.006241 0.927357 0.005498
0 0.939110 0.298458 0.948681 0.300398 0.933936 0.373138 0.924365 0.371198
0 0.943359 0.433454 0.930563 0.436048 0.919670 0.382313 0.932467 0.379719
0 0.962891 0.490095 0.947603 0.496558 0.921636 0.435139 0.936923 0.428676
0 0.940204 0.489618 0.956324 0.494604 0.941406 0.542829 0.925287 0.537843
0 0.931641 0.540876 0.943359 0.540876 0.943359 0.613142 0.931641 0.613142
0 0.931641 0.656111 0.947266 0.656111 0.947266 0.730329 0.931641 0.730329
0 0.963278 0.786729 0.947964 0.789833 0.935160 0.726664 0.950473 0.723560
0 0.757942 0.793553 0.990307 0.795877 0.990178 0.808825 0.757812 0.806501
0 0.794922 0.726423 0.806641 0.726423 0.806641 0.800642 0.794922 0.800642