0 0.580145 0.275535 0.914113 0.278874 0.913996 0.290593 0.580028 0.287253
0 0.622384 0.040550 0.634044 0.041720 0.623710 0.144718 0.612050 0.143548
0 0.632812 0.042829 0.730469 0.042829 0.730469 0.056501 0.632812 0.056501
0 0.634766 0.053587 0.621425 0.060875 0.592150 0.007288 0.605491 0.000000
0 0.641121 0.193509 0.626194 0.198126 0.608879 0.142150 0.623806 0.137532
0 0.622957 0.200240 0.638270 0.203344 0.623137 0.277997 0.607824 0.274893
0 0.622588 0.285944 0.638085 0.289085 0.621094 0.372907 0.605596 0.369766
0 0.634766 0.396345 0.622103 0.403263 0.609558 0.380300 0.622221 0.373382
0 0.712891 0.001814 0.726562 0.001814 0.726562 0.044782 0.712891 0.044782
0 0.730222 0.039056 0.771484 0.056501 0.764453 0.073131 0.723191 0.055685
0 0.869141 0.066267 0.774527 0.075760 0.772911 0.059657 0.867525 0.050164
0 0.919904 0.000000 0.928403 0.010709 0.867205 0.059273 0.858707 0.048563
0 0.782275 0.121879 0.764785 0.123634 0.758740 0.063389 0.776231 0.061634
0 0.791653 0.215648 0.776106 0.217208 0.766941 0.125870 0.782488 0.124310
0 0.770215 0.210016 0.785142 0.214633 0.764941 0.279940 0.750014 0.275322
0 0.742188 0.294782 0.755859 0.294782 0.755859 0.349470 0.742188 0.349470
0 0.767556 0.346325 0.781948 0.352409 0.763694 0.395584 0.749302 0.389499
0 0.800866 0.489207 0.788273 0.494531 0.747962 0.399186 0.760555 0.393862
0 0.780796 0.489211 0.795188 0.495296 0.773891 0.545666 0.759500 0.539582
0 0.791016 0.652204 0.773200 0.653992 0.762747 0.549810 0.780563 0.548022
0 0.781250 0.730329 0.766298 0.733360 0.754314 0.674242 0.769266 0.671211
0 0.763672 0.730329 0.781250 0.730329 0.781250 0.792829 0.763672 0.792829
0 0.757812 0.656111 0.777344 0.656111 0.777344 0.679548 0.757812 0.679548
0 0.558684 0.806854 0.718750 0.808454 0.718606 0.822857 0.558540 0.821257
0 0.768251 0.779489 0.773438 0.792829 0.718995 0.813996 0.713808 0.800655
0 0.902344 0.812361 0.898360 0.826711 0.775724 0.792665 0.779708 0.778315
0 0.795806 0.288191 0.806263 0.296999 0.764741 0.346295 0.754284 0.337488
0 0.644531 0.822126 0.656250 0.822126 0.656250 0.882673 0.644531 0.882673
0 0.638269 0.887881 0.653196 0.892499 0.631263 0.963402 0.616335 0.958785
0 0.554425 0.659342 0.599207 0.673195 0.594012 0.689988 0.549231 0.676135
0 0.634116 0.755376 0.619724 0.761461 0.588540 0.687704 0.602932 0.681619