0 0.901645 0.005258 0.919823 0.008943 0.908203 0.066267 0.890025 0.062582
0 0.927734 0.124861 0.912121 0.129690 0.895720 0.076670 0.911333 0.071840
0 0.904297 0.132673 0.921875 0.132673 0.921875 0.193220 0.904297 0.193220
0 0.945312 0.228376 0.931353 0.236002 0.908786 0.194693 0.922745 0.187067
0 0.966008 0.184137 0.980516 0.194063 0.918758 0.284334 0.904250 0.274408
0 0.913512 0.284403 0.931002 0.286158 0.920473 0.391100 0.902982 0.389345
0 0.898055 0.390197 0.914062 0.390197 0.914062 0.620954 0.898055 0.620954
0 0.934175 0.596710 0.946174 0.603264 0.911528 0.666683 0.899529 0.660129
0 0.917969 0.663923 0.935547 0.663923 0.935547 0.806501 0.917969 0.806501
0 0.912387 0.811874 0.927468 0.813387 0.917425 0.913483 0.902344 0.911970
0 0.935126 0.987590 0.917898 0.991082 0.902765 0.916428 0.919993 0.912936