0 0.246782 0.701523 0.086363 0.711160 0.085612 0.698661 0.246031 0.689025
0 0.063216 0.680420 0.092416 0.689453 0.088414 0.702392 0.059213 0.693359
0 0.059213 0.751953 0.008722 0.761664 0.006479 0.750000 0.056970 0.740290
0 0.076273 0.700378 0.088309 0.705898 0.068979 0.748047 0.056943 0.742527
0 0.248666 0.681641 0.428354 0.681641 0.428354 0.695312 0.248666 0.695312
0 0.447500 0.501754 0.464588 0.504687 0.434213 0.681641 0.417124 0.678707
0 0.429445 0.425885 0.448205 0.429688 0.419812 0.569757 0.401051 0.565954
0 0.553966 0.405685 0.449617 0.439111 0.445418 0.426004 0.549768 0.392578
0 0.655694 0.395703 0.554988 0.408869 0.553216 0.395313 0.653922 0.382147
0 0.731124 0.361033 0.684385 0.408205 0.674673 0.398582 0.721413 0.351410
0 0.726336 0.359300 0.784930 0.359300 0.784930 0.372971 0.726336 0.372971
0 0.782588 0.374114 0.886492 0.386643 0.884407 0.403937 0.780503 0.391408
0 0.880633 0.398362 1.000000 0.398362 1.000000 0.417013 0.880633 0.417013
0 0.519469 0.163634 0.501994 0.166275 0.484517 0.050633 0.501991 0.047992
0 0.572400 0.345297 0.556928 0.347477 0.532944 0.177284 0.548416 0.175104