0 0.300875 0.162850 0.397901 0.192864 0.394438 0.204059 0.297412 0.174045
0 0.453503 0.152405 0.530094 0.167931 0.527344 0.181501 0.450752 0.165975
0 0.555405 0.147018 0.648437 0.165876 0.645732 0.179225 0.552699 0.160366
0 0.644531 0.167829 0.697266 0.167829 0.697266 0.183454 0.644531 0.183454
0 0.696246 0.167269 0.761031 0.194660 0.755859 0.206892 0.691074 0.179501
0 0.830615 0.188962 0.767175 0.208586 0.763135 0.195525 0.826575 0.175901
0 0.846654 0.176175 0.914672 0.182999 0.913112 0.198546 0.845094 0.191722
0 0.843122 0.074402 0.859375 0.076032 0.848325 0.186160 0.832072 0.184530
0 0.840911 0.188738 0.853711 0.194150 0.835937 0.236189 0.823137 0.230777
0 0.828125 0.238142 0.839844 0.238142 0.839844 0.316267 0.828125 0.316267
0 0.781785 0.639161 0.794681 0.647984 0.749465 0.714075 0.736569 0.705253
0 0.802103 0.641924 0.783455 0.645705 0.764555 0.552469 0.783203 0.548689
0 0.751953 0.853376 0.765625 0.853376 0.765625 0.919782 0.751953 0.919782
0 0.770427 0.903347 0.835574 0.923499 0.830078 0.941267 0.764931 0.921114
0 0.756355 0.912421 0.775101 0.922663 0.750000 0.968610 0.731253 0.958369