0 0.458520 0.822171 0.442973 0.823731 0.427569 0.670205 0.443116 0.668645
0 0.436052 0.613612 0.453543 0.615366 0.448083 0.669781 0.430593 0.668026
0 0.451856 0.809324 0.468530 0.810997 0.458669 0.909274 0.441996 0.907601
0 0.452810 0.920993 0.468435 0.920993 0.468435 0.963962 0.452810 0.963962
0 0.462656 0.980084 0.158080 0.983130 0.157888 0.963962 0.462464 0.960916
0 0.484582 0.958503 0.521657 0.983868 0.512835 0.996764 0.475759 0.971399
0 0.591046 0.975221 0.511800 0.991285 0.508330 0.974166 0.587576 0.958102
0 0.476247 0.917087 0.548513 0.917087 0.548513 0.928805 0.476247 0.928805
0 0.593195 0.955836 0.578256 0.968418 0.546800 0.931072 0.561739 0.918490
0 0.609060 0.960055 0.907888 0.960055 0.907888 0.975680 0.609060 0.975680
0 0.922073 0.966724 0.992898 0.981081 0.989406 0.998309 0.918581 0.983952
0 0.934475 0.919652 0.950665 0.926497 0.930130 0.975069 0.913939 0.968223
0 0.984233 0.887741 0.993945 0.899980 0.952637 0.932761 0.942925 0.920521
0 0.634004 0.955891 0.621806 0.956257 0.593435 0.010837 0.605633 0.010471