0 0.394059 0.074904 0.009633 0.279952 0.000000 0.260138 0.383491 0.055089
0 0.669961 0.015426 0.477989 0.120301 0.469562 0.104874 0.661533 0.000000
0 0.554136 0.238772 0.535602 0.248898 0.460795 0.111965 0.479330 0.101840
0 0.549215 0.231524 0.701686 0.359948 0.686949 0.377444 0.534478 0.249020
0 0.786558 0.545413 0.764976 0.554538 0.694335 0.387455 0.715917 0.378330
0 0.935049 0.307095 0.952574 0.316898 0.845572 0.508192 0.828047 0.498389
0 0.941811 0.211748 0.957954 0.216741 0.928527 0.311871 0.912384 0.306878
0 0.996799 0.195082 0.958260 0.227543 0.945811 0.212763 0.984350 0.180303
0 0.809418 0.484723 0.831006 0.493850 0.806667 0.551416 0.785080 0.542289
0 0.893980 0.785647 0.868372 0.794995 0.778116 0.547738 0.803724 0.538390
0 0.915464 0.881351 0.890150 0.886482 0.870893 0.791485 0.896207 0.786353
0 0.962339 0.982913 0.938368 0.993048 0.890520 0.879877 0.914491 0.869742