0 0.358008 0.832031 0.375586 0.83125 0.383984 0.99707 0.366406 0.997852
0 0.328516 0.708008 0.350586 0.703516 0.375586 0.827148 0.353711 0.831641
0 0.327539 0.557617 0.344727 0.560937 0.327539 0.645508 0.310352 0.641992
0 0.3125 0.653906 0.329102 0.648828 0.345898 0.703516 0.329492 0.708594
0 0.168945 0.0589844 0.188477 0.0609375 0.172852 0.217188 0.153125 0.215234
0 0.156055 0.217383 0.172656 0.208203 0.211914 0.279687 0.195117 0.288867
0 0.197656 0.282422 0.220898 0.287109 0.198242 0.398828 0.175 0.394141
0 0.182617 0.398828 0.204102 0.398828 0.204102 0.476953 0.182617 0.476953
0 0.188672 0.472656 0.205469 0.477734 0.17832 0.56543 0.161523 0.560352
0 0.158398 0.00371094 0.175391 0.000195313 0.18457 0.0457031 0.167578 0.0490234
