0 0.384766 0.005720 0.399165 0.006440 0.350341 0.982105 0.335942 0.981385
0 0.462891 0.841657 0.357538 0.863013 0.354579 0.848416 0.459932 0.827060
0 0.363281 0.812361 0.453125 0.812361 0.453125 0.827986 0.363281 0.827986
0 0.453125 0.820173 0.542969 0.820173 0.542969 0.837751 0.453125 0.837751
0 0.773311 0.781085 0.792208 0.789074 0.761719 0.861189 0.742822 0.853199
0 0.750780 0.854374 0.761446 0.863357 0.708984 0.925642 0.698319 0.916658
0 0.760890 0.985155 0.745343 0.986715 0.735204 0.885660 0.750751 0.884100
0 0.785156 0.740095 0.802221 0.741807 0.797618 0.787691 0.780552 0.785979
0 0.839117 0.644307 0.853516 0.654157 0.791052 0.745461 0.776653 0.735610
0 0.871094 0.570173 0.886719 0.570173 0.886719 0.640486 0.871094 0.640486
0 0.901650 0.482490 0.919922 0.488142 0.894128 0.571527 0.875856 0.565875
0 0.938298 0.442863 0.952806 0.452788 0.923030 0.496312 0.908522 0.486386
0 0.941406 0.054548 0.958984 0.054548 0.958984 0.204939 0.941406 0.204939
0 0.936003 0.205427 0.952632 0.212458 0.927734 0.271345 0.911106 0.264314
0 0.915027 0.395832 0.897471 0.396711 0.891614 0.279670 0.909170 0.278791