0 0.062911 0.870941 0.074195 0.878660 0.036699 0.933468 0.025415 0.925748
0 0.021214 0.925869 0.035156 0.935407 0.018210 0.960177 0.004268 0.950639
0 0.107409 0.826741 0.120545 0.837805 0.076172 0.890486 0.063036 0.879422
0 0.146540 0.789471 0.156065 0.799278 0.121038 0.833297 0.111513 0.823490
0 0.187807 0.733506 0.203923 0.742310 0.169922 0.804548 0.153806 0.795744
0 0.278071 0.719504 0.214651 0.754150 0.204351 0.735295 0.267770 0.700649
0 0.283203 0.661970 0.302570 0.672550 0.281068 0.711909 0.261701 0.701329
0 0.398437 0.605329 0.302488 0.670972 0.292401 0.656229 0.388351 0.590586
0 0.478516 0.497907 0.488948 0.506695 0.406657 0.604394 0.396225 0.595606
0 0.537109 0.451032 0.545862 0.462062 0.488190 0.507827 0.479437 0.496798
0 0.583529 0.401107 0.594415 0.412316 0.545377 0.459942 0.534491 0.448733