0 0.539211 0.926435 0.523593 0.926904 0.499222 0.114769 0.514840 0.114301
0 0.515310 0.085055 0.587576 0.085055 0.587576 0.096774 0.515310 0.096774
0 0.517263 0.307712 0.595388 0.307712 0.595388 0.321384 0.517263 0.321384
0 0.523122 0.534274 0.607107 0.534274 0.607107 0.547946 0.523122 0.547946
0 0.617345 0.766376 0.533780 0.774760 0.532415 0.761157 0.615980 0.752772
0 0.615106 0.533841 0.597542 0.534544 0.589342 0.329630 0.606906 0.328927
0 0.619991 0.758548 0.606330 0.759094 0.600082 0.602969 0.613743 0.602423
0 0.628591 0.917087 0.613632 0.917835 0.606092 0.767161 0.621051 0.766412
0 0.712022 0.180242 0.727347 0.181780 0.718435 0.270602 0.703110 0.269065
0 0.734596 0.437567 0.714529 0.438571 0.706348 0.275083 0.726415 0.274079
0 0.761596 0.347821 0.777022 0.356248 0.735821 0.431665 0.720395 0.423238
0 0.775846 0.352175 0.760240 0.352956 0.754774 0.243717 0.770379 0.242936
0 0.724294 0.081149 0.740063 0.084346 0.722204 0.172446 0.706436 0.169250
0 0.738115 0.105384 0.720551 0.106087 0.716333 0.000703 0.733897 0.000000
0 0.738366 0.453024 0.821951 0.489352 0.814459 0.506589 0.730874 0.470261
0 0.720388 0.471774 0.737966 0.471774 0.737966 0.629977 0.720388 0.629977
0 0.708226 0.652691 0.798513 0.670993 0.795667 0.685033 0.705380 0.666731
0 0.763357 0.735446 0.746014 0.737186 0.737142 0.648770 0.754486 0.647029
0 0.747664 0.731048 0.763211 0.732608 0.751706 0.847266 0.736159 0.845706
0 0.743826 0.856540 0.765310 0.856540 0.765310 0.930759 0.743826 0.930759
0 0.859060 0.575290 0.847177 0.580454 0.814962 0.506334 0.826845 0.501169
0 0.755629 0.555179 0.769028 0.557895 0.753507 0.634463 0.740108 0.631747
0 0.849294 0.583102 0.861013 0.583102 0.861013 0.647555 0.849294 0.647555
0 0.855154 0.643649 0.794776 0.669177 0.789282 0.656184 0.849660 0.630656
0 0.851952 0.653703 0.870611 0.659475 0.854449 0.711720 0.835790 0.705948
0 0.949731 0.843705 0.932240 0.845459 0.922686 0.750234 0.940176 0.748480
0 0.839813 0.913017 0.825422 0.919102 0.776744 0.803969 0.791136 0.797884
0 0.795423 0.745747 0.811613 0.752592 0.791838 0.799364 0.775647 0.792519
0 0.805993 0.741080 0.795107 0.752289 0.755877 0.714187 0.766763 0.702979
0 0.814138 0.741305 0.874685 0.741305 0.874685 0.758884 0.814138 0.758884
0 0.933279 0.743259 0.922957 0.763538 0.844483 0.723597 0.854804 0.703317
0 0.939138 0.733493 1.000000 0.733493 1.000000 0.754414 0.939138 0.754414
0 0.930539 0.843780 0.939138 0.852634 0.861231 0.928299 0.852631 0.919445
0 0.843941 0.420184 0.860734 0.425379 0.837069 0.501880 0.820276 0.496685