0 0.151183 0.784889 0.055260 0.804334 0.052515 0.790789 0.148438 0.771345
0 0.000000 0.783064 0.052734 0.783064 0.052734 0.802595 0.000000 0.802595
0 0.243405 0.815876 0.234375 0.829939 0.158939 0.781502 0.167969 0.767439
0 0.142578 0.767439 0.173828 0.767439 0.173828 0.790876 0.142578 0.790876
0 0.306994 0.864096 0.298828 0.876814 0.226857 0.830602 0.235023 0.817884
0 0.297865 0.860942 0.435370 0.874738 0.433594 0.892439 0.296089 0.878642
0 0.476268 0.850738 0.485766 0.865529 0.439748 0.895077 0.430250 0.880286
0 0.482639 0.853434 0.639660 0.902006 0.634766 0.917829 0.477745 0.869257
0 0.741605 0.910002 0.637825 0.920414 0.636455 0.906758 0.740234 0.896345
0 0.743109 0.896993 0.834990 0.915618 0.831110 0.934760 0.739229 0.916135
0 0.913939 0.914888 0.834078 0.939592 0.828342 0.921049 0.908203 0.896345
0 0.912109 0.904157 0.974609 0.904157 0.974609 0.919782 0.912109 0.919782
0 0.198921 0.372290 0.214235 0.375394 0.195610 0.467275 0.180296 0.464171
0 0.224609 0.029157 0.239956 0.030697 0.218750 0.242048 0.203404 0.240508
0 0.197290 0.247518 0.210894 0.248883 0.199194 0.365485 0.185591 0.364120