0 0.712891 0.130720 0.730138 0.138012 0.679259 0.258352 0.662012 0.251060
0 0.763359 0.000543 0.780152 0.005738 0.738594 0.140082 0.721801 0.134887
0 0.994209 0.396413 0.617275 0.400182 0.617119 0.384558 0.994053 0.380789
0 0.646484 0.398298 0.662109 0.398298 0.662109 0.451032 0.646484 0.451032
0 0.625419 0.519683 0.017944 0.537912 0.017525 0.523949 0.625000 0.505720
0 0.655144 0.646038 0.670084 0.649066 0.646484 0.765485 0.631545 0.762457
0 0.625782 0.763732 0.639494 0.771223 0.608593 0.827786 0.594881 0.820295
0 0.665378 0.638083 0.653680 0.638785 0.647122 0.529607 0.658820 0.528904
0 0.634766 0.460798 0.650391 0.460798 0.650391 0.531111 0.634766 0.531111
0 0.615847 0.274793 0.629451 0.276158 0.620481 0.365553 0.606878 0.364188
0 0.668281 0.241875 0.674612 0.251736 0.628594 0.281284 0.622263 0.271423