0 0.391600 0.010783 0.330078 0.017578 0.329103 0.008748 0.390625 0.001953
0 0.380859 0.000000 0.431641 0.000000 0.431641 0.011719 0.380859 0.011719
0 0.394531 0.156250 0.335075 0.172067 0.331638 0.159149 0.391095 0.143332
0 0.312500 0.169922 0.349609 0.169922 0.349609 0.179688 0.312500 0.179688
0 0.101562 0.154297 0.171875 0.154297 0.171875 0.166016 0.101562 0.166016
0 0.166283 0.160850 0.229203 0.163999 0.228516 0.177734 0.165595 0.174586
0 0.204960 0.333866 0.216679 0.333866 0.216679 0.462772 0.204960 0.462772
0 0.212168 0.455212 0.241465 0.470839 0.236328 0.480469 0.207032 0.464843
0 0.220893 0.959044 0.198520 0.963116 0.196376 0.951337 0.218750 0.947266
0 0.001465 0.160156 0.089355 0.160156 0.089355 0.173828 0.001465 0.173828
0 0.202637 0.224609 0.220215 0.224609 0.220215 0.304688 0.202637 0.304688