0 0.092018 0.236812 0.103213 0.240276 0.072045 0.341034 0.060850 0.337571
0 0.055177 0.339913 0.067206 0.346484 0.029297 0.415876 0.017268 0.409305
0 0.018307 0.400545 0.029297 0.408064 0.011668 0.433832 0.000678 0.426313
0 0.162611 0.201472 0.111821 0.244252 0.103014 0.233796 0.153804 0.191016
0 0.207031 0.163923 0.187385 0.170000 0.171023 0.117108 0.190670 0.111030
0 0.194658 0.173696 0.156716 0.204379 0.146706 0.192001 0.184648 0.161319
0 0.164062 0.070173 0.177734 0.070173 0.177734 0.115095 0.164062 0.115095
0 0.010192 0.561196 0.478516 0.579939 0.477866 0.596176 0.009542 0.577433
0 0.220225 0.461919 0.241280 0.466187 0.228516 0.529157 0.207460 0.524889
0 0.236264 0.568945 0.224078 0.574097 0.205078 0.529157 0.217264 0.524005
0 0.359810 0.572982 0.345172 0.574451 0.339844 0.521345 0.354482 0.519876