0 0.757813 0.120954 0.744955 0.122244 0.732993 0.003028 0.745851 0.001738
0 0.739405 0.117994 0.754389 0.121032 0.733817 0.222517 0.718833 0.219479
0 0.645926 0.128767 0.757254 0.128767 0.757254 0.146345 0.645926 0.146345
0 0.822752 0.182963 0.811655 0.196946 0.754867 0.151881 0.765963 0.137898
0 0.551677 0.313946 0.566406 0.320173 0.540034 0.382548 0.525305 0.376321
0 0.417969 0.398298 0.505859 0.398298 0.505859 0.411970 0.417969 0.411970
0 0.529102 0.371804 0.541243 0.387103 0.506054 0.415027 0.493913 0.399728
0 0.621135 0.541306 0.316463 0.544352 0.316365 0.534587 0.621037 0.531541
0 0.722806 0.336713 0.635391 0.384469 0.630709 0.375898 0.718125 0.328143
0 0.645729 0.303918 0.653893 0.314206 0.599609 0.357282 0.591446 0.346995
0 0.638672 0.382673 0.628263 0.393390 0.598945 0.364916 0.609354 0.354199
0 0.731133 0.310457 0.728810 0.323930 0.661445 0.312311 0.663769 0.298838
0 0.712891 0.437361 0.726562 0.437361 0.726562 0.548689 0.712891 0.548689
0 0.822045 0.370152 0.813603 0.383300 0.756080 0.346366 0.764522 0.333218
0 0.802959 0.384149 0.821597 0.386019 0.804688 0.554548 0.786049 0.552678
0 0.493385 0.413494 0.505816 0.414741 0.494141 0.531111 0.481709 0.529863