0 0.141794 0.356479 0.004279 0.387230 0.000056 0.368345 0.137571 0.337594
0 0.144033 0.338810 0.493770 0.342307 0.493518 0.367559 0.143780 0.364061
0 0.684924 0.314824 0.494610 0.353403 0.490436 0.332809 0.680749 0.294231
0 0.680481 0.301893 0.740370 0.307298 0.738892 0.323682 0.679002 0.318277
0 0.822548 0.290836 0.741564 0.316777 0.734708 0.295374 0.815692 0.269433
0 0.823542 0.287293 0.999829 0.308550 0.997424 0.328496 0.821137 0.307239
0 0.998860 0.987320 0.872588 0.999990 0.870471 0.978887 0.996742 0.966217
0 0.807971 0.980840 0.870575 0.982092 0.870256 0.998047 0.807652 0.996795
0 0.705830 0.959779 0.806865 0.967879 0.805489 0.985034 0.704455 0.976934
0 0.619766 0.953186 0.706408 0.967168 0.703206 0.987010 0.616564 0.973027
0 0.699195 0.914688 0.761096 0.953496 0.754168 0.964545 0.692268 0.925737
0 0.701093 0.925586 0.616584 0.957395 0.610705 0.941777 0.695214 0.909968