0 0.927565 0.005321 0.943112 0.006880 0.927903 0.158463 0.912356 0.156903
0 0.902344 0.158064 0.917969 0.158064 0.917969 0.234236 0.902344 0.234236
0 0.895849 0.229039 0.911928 0.235837 0.867188 0.341657 0.851109 0.334859
0 0.847656 0.337751 0.863281 0.337751 0.863281 0.394392 0.847656 0.394392
0 0.894081 0.482012 0.879514 0.487663 0.844200 0.396615 0.858767 0.390965
0 0.884766 0.490095 0.912109 0.490095 0.912109 0.505720 0.884766 0.505720
0 0.900623 0.511603 0.918700 0.515267 0.896484 0.624861 0.878408 0.621196
0 0.876333 0.613026 0.892362 0.616275 0.870714 0.723072 0.854684 0.719823
0 0.906250 0.837751 0.887846 0.843444 0.851885 0.727191 0.870289 0.721498
0 0.888672 0.843611 0.906250 0.843611 0.906250 0.902204 0.888672 0.902204
0 0.886027 0.903462 0.900954 0.908080 0.879598 0.977118 0.864671 0.972500