0 0.545376 0.405257 0.615652 0.443649 0.609097 0.455647 0.538822 0.417255
0 0.611416 0.437288 0.634854 0.437288 0.634854 0.449007 0.611416 0.449007
0 0.689541 0.404085 0.633874 0.442169 0.625440 0.429842 0.681108 0.391758
0 0.671963 0.351350 0.685635 0.351350 0.685635 0.400179 0.671963 0.400179
0 0.729405 0.380749 0.832029 0.412494 0.827412 0.427421 0.724788 0.395676
0 0.886807 0.462678 0.877288 0.474675 0.812876 0.423560 0.822395 0.411564
0 0.884854 0.462679 0.902432 0.462679 0.902432 0.507600 0.884854 0.507600
0 0.883811 0.516674 0.839785 0.525598 0.837069 0.512199 0.881095 0.503274
0 0.894129 0.500009 0.908081 0.504325 0.882901 0.585725 0.868949 0.581410
0 0.845791 0.585725 0.880948 0.585725 0.880948 0.599397 0.845791 0.599397
0 0.935846 0.000000 0.947507 0.000985 0.931518 0.160341 0.919857 0.159171
0 0.740818 0.143441 0.926315 0.149008 0.925820 0.165511 0.740323 0.159944
0 0.150143 0.862723 0.165070 0.867341 0.139096 0.951306 0.124169 0.946688