0 0.546829 0.568877 0.533194 0.586058 0.414492 0.491862 0.428127 0.474680
0 0.013357 0.221774 0.034841 0.221774 0.034841 0.262790 0.013357 0.262790
0 0.004262 0.253009 0.093847 0.273042 0.089584 0.292102 0.000000 0.272069
0 0.148894 0.307435 0.139396 0.322226 0.086804 0.288457 0.096302 0.273666
0 0.222341 0.370212 0.210578 0.388531 0.134227 0.339507 0.145990 0.321187
0 0.290098 0.406736 0.282583 0.421503 0.208669 0.383883 0.216185 0.369117
0 0.414020 0.474230 0.405042 0.488213 0.285629 0.411538 0.294607 0.397555
0 0.150076 0.180759 0.162646 0.184647 0.129636 0.291359 0.117066 0.287471
0 0.170268 0.152580 0.156556 0.160071 0.118164 0.089796 0.131877 0.082305
0 0.216783 0.040197 0.141019 0.092029 0.132197 0.079133 0.207960 0.027301
0 0.257698 0.001984 0.268625 0.015753 0.231906 0.044891 0.220980 0.031122