0 0.560718 0.902636 0.912429 0.909671 0.912109 0.925642 0.560399 0.918607
0 0.640625 0.839704 0.654297 0.839704 0.654297 0.904157 0.640625 0.904157
0 0.673885 0.997025 0.660281 0.998390 0.652287 0.918712 0.665891 0.917347
0 0.649665 0.836272 0.633097 0.841397 0.621094 0.802595 0.637662 0.797469
0 0.635244 0.715144 0.652344 0.718610 0.635077 0.803789 0.617977 0.800322
0 0.605469 0.685407 0.616587 0.699418 0.575343 0.732147 0.564225 0.718136
0 0.603516 0.646345 0.617188 0.646345 0.617188 0.689314 0.603516 0.689314
0 0.640150 0.612995 0.653046 0.621817 0.625475 0.662117 0.612579 0.653294
0 0.636719 0.519392 0.648438 0.519392 0.648438 0.620954 0.636719 0.620954
0 0.647780 0.518949 0.638108 0.525566 0.606126 0.478819 0.615798 0.472202
0 0.609375 0.378767 0.621094 0.378767 0.621094 0.468611 0.609375 0.468611
0 0.626633 0.374427 0.612942 0.385959 0.573154 0.338720 0.586845 0.327188
0 0.584925 0.205406 0.922919 0.229105 0.921875 0.244001 0.583881 0.220303
0 0.751574 0.024888 0.762763 0.025560 0.755859 0.140485 0.744671 0.139813
0 0.748944 0.139057 0.757564 0.140804 0.742188 0.216657 0.733568 0.214910
0 0.584725 0.176458 0.646913 0.182697 0.645743 0.194357 0.583556 0.188118
0 0.642578 0.181501 0.654297 0.181501 0.654297 0.212751 0.642578 0.212751