0 0.228516 0.000000 0.251953 0.000000 0.251953 0.040876 0.228516 0.040876
0 0.229398 0.037580 0.251836 0.044521 0.232422 0.107282 0.209983 0.100341
0 0.242188 0.144392 0.220169 0.151203 0.205777 0.104678 0.227796 0.097866
0 0.269531 0.236189 0.252353 0.243451 0.213900 0.152501 0.231078 0.145239
0 0.245843 0.235394 0.272103 0.238029 0.265625 0.302595 0.239365 0.299960
0 0.287109 0.353376 0.266894 0.361923 0.241419 0.301669 0.261634 0.293122
0 0.263431 0.352387 0.285452 0.354596 0.277344 0.435407 0.255323 0.433198
0 0.255033 0.430491 0.273692 0.436263 0.248873 0.516496 0.230214 0.510724
0 0.256979 0.621776 0.239489 0.623531 0.229349 0.522476 0.246840 0.520721
0 0.284169 0.653973 0.269531 0.661970 0.246289 0.619426 0.260927 0.611429
0 0.267768 0.659637 0.282500 0.664194 0.257812 0.744001 0.243081 0.739444
0 0.246094 0.745954 0.267578 0.745954 0.267578 0.788923 0.246094 0.788923
0 0.248706 0.772616 0.262576 0.782106 0.228516 0.831892 0.214645 0.822403
0 0.257813 0.874861 0.238592 0.880806 0.223089 0.830690 0.242310 0.824744
0 0.237523 0.871746 0.253906 0.876814 0.228319 0.959529 0.211936 0.954461