0 0.976046 0.573568 0.983906 0.575162 0.974598 0.621082 0.966738 0.619489
0 0.976551 0.533191 0.986316 0.533191 0.986316 0.572254 0.976551 0.572254
0 0.595691 0.958973 0.623035 0.958973 0.623035 0.972645 0.595691 0.972645
0 0.662098 0.949207 0.624788 0.968159 0.619129 0.957020 0.656439 0.938067
0 0.701160 0.962879 0.734363 0.962879 0.734363 0.972645 0.701160 0.972645
0 0.734363 0.957020 0.777680 0.961366 0.776513 0.972995 0.733196 0.968649
0 0.805090 0.953580 0.775940 0.956504 0.774965 0.946788 0.804115 0.943863
0 0.807190 0.943863 0.836340 0.946788 0.835365 0.956504 0.806215 0.953580
0 0.882821 0.933717 0.834308 0.948723 0.831999 0.941260 0.880512 0.926253
0 0.900145 0.903594 0.950885 0.914940 0.948544 0.925409 0.897804 0.914062
0 0.998047 0.957743 0.955568 0.970883 0.952492 0.960937 0.994970 0.947797
0 0.901730 0.911109 0.909015 0.920289 0.886066 0.938500 0.878781 0.929320
0 0.998047 0.907086 0.954589 0.925460 0.949281 0.912905 0.992739 0.894531