0 0.822966 0.746424 0.805710 0.749032 0.747229 0.362081 0.764484 0.359473
0 0.795813 0.630843 0.727453 0.659745 0.721369 0.645354 0.789729 0.616451
0 0.717315 0.638374 0.710227 0.652299 0.631899 0.612432 0.638986 0.598507
0 0.643151 0.600939 0.633438 0.613179 0.561531 0.556117 0.571244 0.543877
0 0.596482 0.474036 0.612107 0.474036 0.612107 0.556067 0.596482 0.556067
0 0.669688 0.502106 0.772687 0.512440 0.771322 0.526044 0.668323 0.515709
0 0.616920 0.504743 0.667447 0.509813 0.665887 0.525360 0.615360 0.520290
0 0.655332 0.481053 0.643672 0.482223 0.635287 0.398659 0.646948 0.397489
0 0.688328 0.503812 0.679365 0.511361 0.649167 0.475509 0.658130 0.467960
0 0.606356 0.458975 0.589128 0.462467 0.557310 0.305503 0.574538 0.302011
0 0.560230 0.529261 0.547730 0.534546 0.521257 0.471932 0.533757 0.466647
0 0.745626 0.161180 0.759230 0.162545 0.746165 0.292751 0.732562 0.291386
0 0.757045 0.348988 0.743645 0.351705 0.730840 0.288536 0.744240 0.285820
0 0.853536 0.250338 0.862247 0.260875 0.794506 0.316875 0.785795 0.306337
0 0.785289 0.310378 0.796573 0.318097 0.769002 0.358397 0.757719 0.350677
0 0.453056 0.056974 0.001855 0.102245 0.000000 0.083760 0.451201 0.038489
0 0.733253 0.027830 0.443692 0.056883 0.442132 0.041336 0.731694 0.012283
0 0.940607 0.010825 0.740440 0.030909 0.738685 0.013418 0.938852 0.000000
0 0.773942 0.052589 0.785940 0.059144 0.756912 0.112279 0.744914 0.105724
0 0.782984 0.042831 0.852945 0.049850 0.851385 0.065397 0.781424 0.058378
0 0.862107 0.276770 0.957810 0.276770 0.957810 0.292395 0.862107 0.292395
0 0.858619 0.287255 0.868780 0.294206 0.840622 0.335364 0.830462 0.328413
0 0.644648 0.314145 0.654293 0.328841 0.597143 0.366349 0.587498 0.351653
0 0.565232 0.167395 0.576950 0.167395 0.576950 0.288489 0.565232 0.288489
0 0.598303 0.464339 0.592102 0.476523 0.491145 0.425139 0.497346 0.412955
0 0.502386 0.407455 0.485593 0.412650 0.465968 0.349210 0.482761 0.344015
0 0.429964 0.163485 0.413774 0.170330 0.370421 0.067790 0.386611 0.060945
0 0.508598 0.221793 0.497712 0.233001 0.430459 0.167685 0.441345 0.156476
0 0.406370 0.165018 0.419974 0.166383 0.409640 0.269381 0.396036 0.268017
0 0.649857 0.287964 0.640144 0.300204 0.574357 0.247998 0.584069 0.235759
0 0.747717 0.506196 0.735125 0.511520 0.693293 0.412578 0.705885 0.407254
0 0.707247 0.387659 0.702545 0.404597 0.651732 0.390490 0.656434 0.373553
0 0.730207 0.335549 0.741001 0.340112 0.716662 0.397679 0.705869 0.393115
0 0.722733 0.257119 0.709672 0.261159 0.683121 0.175328 0.696182 0.171288
0 0.713669 0.263098 0.657444 0.310456 0.647466 0.298608 0.703690 0.251251
0 0.698044 0.294348 0.711716 0.294348 0.711716 0.337317 0.698044 0.337317
0 0.917766 0.194031 0.926336 0.198713 0.898244 0.250134 0.889674 0.245452
0 0.864060 0.247473 0.895310 0.247473 0.895310 0.261145 0.864060 0.261145
0 0.952357 0.356801 0.938958 0.359517 0.926153 0.296349 0.939552 0.293633
0 0.998047 0.316604 0.988522 0.326411 0.950692 0.289671 0.960218 0.279863