0 0.429107 0.099296 0.442169 0.103337 0.416772 0.185436 0.403711 0.181395
0 0.433682 0.240022 0.415745 0.243658 0.402071 0.176200 0.420008 0.172564
0 0.444668 0.303437 0.427178 0.305192 0.420743 0.241061 0.438233 0.239306
0 0.454828 0.349809 0.437588 0.353304 0.427008 0.301109 0.444247 0.297614
0 0.489658 0.517137 0.507781 0.518956 0.496182 0.634553 0.478060 0.632735
0 0.502672 0.682275 0.483238 0.684225 0.477974 0.631754 0.497407 0.629804
0 0.485427 0.672254 0.502733 0.679571 0.474698 0.745882 0.457391 0.738564
0 0.458964 0.743252 0.474833 0.749961 0.449307 0.810335 0.433438 0.803626
0 0.471346 0.373458 0.428530 0.440139 0.412351 0.429750 0.455167 0.363069
0 0.445401 0.351350 0.472745 0.351350 0.472745 0.376741 0.445401 0.376741
0 0.406080 0.883954 0.423570 0.885709 0.412456 0.996481 0.394966 0.994726
0 0.427418 0.885701 0.407291 0.891927 0.380352 0.804842 0.400479 0.798616