0 0.774353 0.398506 0.757560 0.403701 0.726970 0.304808 0.743763 0.299614
0 0.655935 0.295993 0.736013 0.295993 0.736013 0.317477 0.655935 0.317477
0 0.815245 0.248983 0.824104 0.266389 0.738813 0.309800 0.729953 0.292393
0 0.860795 0.212950 0.872732 0.231540 0.814002 0.269250 0.802065 0.250660
0 0.855154 0.213962 0.923513 0.213962 0.923513 0.239352 0.855154 0.239352
0 0.983654 0.194361 0.987834 0.209417 0.921966 0.227703 0.917786 0.212647
0 0.814138 0.254977 0.794230 0.259013 0.772096 0.149822 0.792004 0.145787
0 0.796172 0.060746 0.812185 0.065524 0.787575 0.147993 0.771563 0.143215
0 0.802592 0.070837 0.872732 0.085055 0.870183 0.097631 0.800043 0.083413
0 0.870779 0.075290 0.968435 0.075290 0.968435 0.092868 0.870779 0.092868
0 0.766732 0.085412 0.677681 0.123062 0.668446 0.101221 0.757497 0.063571
0 0.755544 0.057712 0.790701 0.057712 0.790701 0.075290 0.755544 0.075290
0 0.876355 0.036007 0.803653 0.075724 0.794170 0.058366 0.866873 0.018649
0 0.736013 0.409274 0.757497 0.409274 0.757497 0.483493 0.736013 0.483493
0 0.740262 0.486752 0.758408 0.490430 0.742440 0.569203 0.724294 0.565524
0 0.737651 0.623135 0.750547 0.631958 0.703125 0.701273 0.690230 0.692450
0 0.720388 0.571384 0.736013 0.571384 0.736013 0.628024 0.720388 0.628024
0 0.778982 0.665134 0.764352 0.677456 0.736287 0.644136 0.750917 0.631814
0 0.788748 0.766696 0.771786 0.768398 0.763706 0.687871 0.780668 0.686169
0 0.769736 0.773948 0.785283 0.775508 0.776509 0.862960 0.760962 0.861400
0 0.806326 0.889743 0.793937 0.902499 0.767151 0.876485 0.779540 0.863728
0 0.795868 0.885437 0.814527 0.891209 0.781627 0.997565 0.762968 0.991793
0 0.873877 0.784087 0.887870 0.794725 0.811040 0.895790 0.797046 0.885152
0 0.897591 0.696276 0.913781 0.703121 0.881076 0.780476 0.864886 0.773631
0 0.896169 0.645602 0.909841 0.645602 0.909841 0.694430 0.896169 0.694430
0 0.917654 0.600680 0.934887 0.610095 0.905195 0.664446 0.887962 0.655031
0 0.939270 0.605165 0.917893 0.607310 0.905803 0.486821 0.927180 0.484676
0 0.924996 0.373456 0.943655 0.379228 0.914218 0.474389 0.895559 0.468617
0 0.952628 0.283656 0.971287 0.289428 0.941273 0.386455 0.922614 0.380683
0 0.768826 0.366341 0.852605 0.392257 0.847341 0.409274 0.763562 0.383358
0 0.994627 0.272604 0.961270 0.286707 0.952810 0.266696 0.986167 0.252593