0 0.137763 0.789569 0.049711 0.807419 0.045830 0.788277 0.133883 0.770427
0 0.137349 0.774896 0.240857 0.795878 0.236328 0.818220 0.132820 0.797238
0 0.293285 0.798710 0.370544 0.822609 0.366321 0.836259 0.289063 0.812361
0 0.284823 0.609511 0.302734 0.613142 0.290786 0.672085 0.272875 0.668454
0 0.295865 0.616555 0.279982 0.619775 0.269531 0.568220 0.285415 0.565000
0 0.329272 0.280441 0.344279 0.284792 0.323071 0.357952 0.308064 0.353601
0 0.354811 0.427171 0.370618 0.428757 0.361328 0.521345 0.345521 0.519759
0 0.303191 0.514278 0.314475 0.521998 0.284699 0.565521 0.273415 0.557802
0 0.362576 0.573936 0.349131 0.585260 0.315159 0.544926 0.328603 0.533602
0 0.300642 0.825570 0.267578 0.835798 0.262164 0.818296 0.295228 0.808069
0 0.149466 0.300549 0.162796 0.303251 0.130859 0.460798 0.117530 0.458096
0 0.146484 0.525251 0.132509 0.528084 0.118954 0.461215 0.132929 0.458382
0 0.089689 0.005859 0.105469 0.007762 0.016112 0.748822 0.000333 0.746919