0 0.543642 0.639063 0.560547 0.648298 0.499575 0.759906 0.482670 0.750671
0 0.634766 0.540876 0.646209 0.550515 0.558636 0.654484 0.547193 0.644846
0 0.670948 0.539427 0.656557 0.545512 0.633739 0.491544 0.648131 0.485459
0 0.640078 0.390816 0.656250 0.392439 0.647180 0.482837 0.631007 0.481215
0 0.710558 0.475627 0.724609 0.490095 0.666174 0.546849 0.652123 0.532381
0 0.736328 0.488142 0.826172 0.488142 0.826172 0.505720 0.736328 0.505720
0 0.752945 0.443566 0.761443 0.454276 0.721665 0.485842 0.713166 0.475133
0 0.932651 0.369241 0.924518 0.379491 0.830078 0.304548 0.838211 0.294299
0 0.839844 0.394392 0.921875 0.394392 0.921875 0.408064 0.839844 0.408064
0 0.996153 0.588772 0.989009 0.598553 0.765625 0.435407 0.772768 0.425626
0 0.898816 0.285218 0.994525 0.304619 0.991809 0.318019 0.896100 0.298617
0 0.965508 0.243150 0.855965 0.277036 0.851395 0.262262 0.960938 0.228376
0 0.847656 0.347517 0.751483 0.413312 0.743840 0.402141 0.840013 0.336345
0 0.955078 0.466657 0.864162 0.475779 0.862731 0.461513 0.953647 0.452391