0 0.997913 0.330911 0.899746 0.351834 0.896169 0.335055 0.994336 0.314132
0 0.534854 0.416911 0.548519 0.417321 0.544594 0.548122 0.530929 0.547712
0 0.122585 0.291700 0.032058 0.318714 0.026345 0.299570 0.116873 0.272555
0 0.123674 0.279536 0.203597 0.304259 0.198904 0.319430 0.118981 0.294707
0 0.331716 0.262790 0.219856 0.323899 0.209428 0.304809 0.321287 0.243700
0 0.297967 0.005020 0.318898 0.005648 0.311632 0.247793 0.290701 0.247165
0 0.382207 0.239118 0.332302 0.266382 0.322827 0.249038 0.372732 0.221774
0 0.422304 0.229826 0.527514 0.237203 0.526285 0.254738 0.421074 0.247361
0 0.550929 0.330629 0.565856 0.335246 0.542191 0.411748 0.527264 0.407130
0 0.698252 0.228886 0.524449 0.246325 0.523147 0.233353 0.696951 0.215915
0 0.546194 0.004568 0.559798 0.005933 0.548879 0.114762 0.535275 0.113397
0 0.747987 0.002622 0.761404 0.003024 0.731852 0.987802 0.718435 0.987399