0 0.205831 0.000000 0.219434 0.001365 0.208710 0.108250 0.195106 0.106885
0 0.194575 0.118567 0.206294 0.118567 0.206294 0.167395 0.194575 0.167395
0 0.192825 0.167436 0.210596 0.174950 0.190669 0.222082 0.172898 0.214569
0 0.219965 0.274817 0.206306 0.284162 0.171934 0.233920 0.185593 0.224575
0 0.201471 0.286579 0.221996 0.292928 0.205257 0.347039 0.184732 0.340690
0 0.184809 0.337317 0.204341 0.337317 0.204341 0.409583 0.184809 0.409583
0 0.204341 0.405676 0.348872 0.405676 0.348872 0.421301 0.204341 0.421301
0 0.387182 0.357880 0.398068 0.369089 0.357437 0.408551 0.346551 0.397342
0 0.413680 0.475272 0.400236 0.486596 0.352423 0.429831 0.365867 0.418506
0 0.194575 0.419348 0.208247 0.419348 0.208247 0.491614 0.194575 0.491614
0 0.189786 0.480462 0.201342 0.486775 0.173091 0.538489 0.161535 0.532176
0 0.190669 0.520911 0.204341 0.520911 0.204341 0.585364 0.190669 0.585364
0 0.187054 0.592422 0.206214 0.596306 0.194575 0.653723 0.175415 0.649839
0 0.419184 0.413489 0.485591 0.413489 0.485591 0.429114 0.419184 0.429114
0 0.479429 0.409925 0.556462 0.433755 0.550044 0.454504 0.473010 0.430675
0 0.557856 0.434973 0.641841 0.434973 0.641841 0.456458 0.557856 0.456458
0 0.640324 0.446318 0.722634 0.463003 0.719530 0.478316 0.637219 0.461631
0 0.348872 0.593176 0.362544 0.593176 0.362544 0.667395 0.348872 0.667395
0 0.408875 0.714741 0.396877 0.721295 0.365040 0.663018 0.377038 0.656464
0 0.389778 0.705859 0.403177 0.708575 0.388044 0.783228 0.374645 0.780512
0 0.396716 0.845856 0.380122 0.850989 0.362958 0.795503 0.379552 0.790369
0 0.381652 0.856395 0.395747 0.860755 0.353907 0.996010 0.339813 0.991650
0 0.790278 0.110754 0.803950 0.110754 0.803950 0.282629 0.790278 0.282629
0 0.208405 0.677681 0.224578 0.688746 0.200434 0.724036 0.184262 0.712972
0 0.819575 0.011145 0.835200 0.011145 0.835200 0.120520 0.819575 0.120520
0 0.068002 0.601528 0.085200 0.606848 0.067242 0.664903 0.050044 0.659583
0 0.089106 0.600989 0.071960 0.606293 0.052655 0.543885 0.069801 0.538581
0 0.161748 0.481516 0.068020 0.541592 0.057481 0.525149 0.151208 0.465073