0 0.000088 0.333772 0.039151 0.333772 0.039151 0.351350 0.000088 0.351350
0 0.113370 0.322054 0.031199 0.347472 0.026727 0.333013 0.108897 0.307595
0 0.007862 0.024220 0.070401 0.036897 0.067966 0.048908 0.005427 0.036231
0 0.713978 0.064551 0.697354 0.067921 0.684269 0.003370 0.700893 0.000000
0 0.709073 0.054475 0.793057 0.054475 0.793057 0.074007 0.709073 0.074007
0 0.784542 0.053791 0.872865 0.071695 0.869229 0.089632 0.780906 0.071728
0 0.874856 0.073844 0.912198 0.089632 0.906297 0.103588 0.868955 0.087800
0 0.912198 0.083772 0.931729 0.083772 0.931729 0.144319 0.912198 0.144319
0 0.923916 0.093538 0.998135 0.093538 0.998135 0.113069 0.923916 0.113069
0 0.909592 0.137414 0.927104 0.140964 0.914151 0.204866 0.896638 0.201316
0 0.709136 0.069520 0.723156 0.073856 0.711026 0.113069 0.697006 0.108732
0 0.705166 0.115022 0.722745 0.115022 0.722745 0.234163 0.705166 0.234163
0 0.652432 0.101350 0.699307 0.101350 0.699307 0.115022 0.652432 0.115022
0 0.704690 0.226271 0.716748 0.232858 0.691495 0.279085 0.679436 0.272497
0 0.677823 0.269319 0.695401 0.269319 0.695401 0.325960 0.677823 0.325960
0 0.686440 0.330682 0.620171 0.398915 0.611416 0.390413 0.677686 0.322180
0 0.607510 0.396272 0.623135 0.396272 0.623135 0.519319 0.607510 0.519319
0 0.859955 0.439311 0.784164 0.446915 0.782799 0.433312 0.858591 0.425707
0 0.909360 0.385331 0.854840 0.431253 0.845959 0.420709 0.900479 0.374788
0 0.924921 0.308928 0.941495 0.312288 0.926257 0.387458 0.909683 0.384099
0 0.941495 0.247835 0.955166 0.247835 0.955166 0.325960 0.941495 0.325960
0 0.742840 0.784770 0.668204 0.807858 0.663587 0.792931 0.738222 0.769843
0 0.770038 0.727402 0.781989 0.737468 0.737951 0.789752 0.726000 0.779686
0 0.780287 0.728904 0.766575 0.736395 0.739420 0.686688 0.753133 0.679197
0 0.763760 0.720491 0.822354 0.720491 0.822354 0.741975 0.763760 0.741975
0 0.885741 0.763876 0.878995 0.777132 0.815672 0.744903 0.822419 0.731647
0 0.884854 0.757600 0.978604 0.757600 0.978604 0.777132 0.884854 0.777132
0 0.654537 0.786433 0.674033 0.787604 0.665952 0.922127 0.646456 0.920956
0 0.642666 0.919710 0.662198 0.919710 0.662198 0.999788 0.642666 0.999788