0 0.329763 0.167087 0.314372 0.171848 0.263357 0.006930 0.278748 0.002169
0 0.349441 0.202718 0.309142 0.230289 0.300319 0.217393 0.340619 0.189822
0 0.360591 0.213446 0.346879 0.220937 0.326279 0.183228 0.339991 0.175737
0 0.833669 0.448337 0.816492 0.455599 0.774082 0.355290 0.791259 0.348028
0 0.774503 0.467522 0.760717 0.474875 0.709242 0.378370 0.723028 0.371017
0 0.868826 0.518649 0.853695 0.534228 0.798400 0.480525 0.813531 0.464946
0 0.908632 0.694274 0.893705 0.698891 0.844644 0.540290 0.859571 0.535673
0 0.793157 0.754729 0.776002 0.758566 0.735510 0.577491 0.752665 0.573655
0 0.802419 0.747165 0.882497 0.747165 0.882497 0.764743 0.802419 0.764743
0 0.891022 0.710570 0.908010 0.715089 0.895457 0.762276 0.878470 0.757757
0 0.914134 0.969027 0.905692 0.982175 0.823517 0.929411 0.831959 0.916263
0 0.823073 0.927772 0.805583 0.929527 0.799343 0.867339 0.816834 0.865584
0 0.856328 0.886681 0.841599 0.892908 0.812185 0.823337 0.826914 0.817109
0 0.833333 0.410162 0.905244 0.428524 0.900412 0.447449 0.828501 0.429086
0 0.843707 0.326795 0.909841 0.368258 0.899838 0.384215 0.833703 0.342752
0 0.845388 0.350680 0.862966 0.350680 0.862966 0.411227 0.845388 0.411227