0 0.854597 0.435927 0.836502 0.439034 0.761672 0.003106 0.779767 0.000000
0 0.163191 0.643676 0.331159 0.643676 0.331159 0.657348 0.163191 0.657348
0 0.424606 0.641917 0.325007 0.662107 0.321404 0.644335 0.421003 0.624145
0 0.417097 0.631957 0.510847 0.631957 0.510847 0.649536 0.417097 0.649536
0 0.167097 0.690551 0.376081 0.690551 0.376081 0.715942 0.167097 0.715942
0 0.491316 0.682739 0.365247 0.720359 0.359040 0.699561 0.485109 0.661941
0 0.475298 0.651560 0.616656 0.665743 0.614363 0.688598 0.473005 0.674415
0 0.599181 0.634421 0.509214 0.652659 0.506497 0.639259 0.596465 0.621022
0 0.598738 0.622192 0.667097 0.622192 0.667097 0.643676 0.598738 0.643676
0 0.658814 0.623823 0.737441 0.631712 0.735456 0.651489 0.656829 0.643600
0 0.696086 0.652217 0.647130 0.685709 0.639753 0.674926 0.688709 0.641434
0 0.612409 0.667114 0.649519 0.667114 0.649519 0.684692 0.612409 0.684692
0 0.733503 0.643676 0.786238 0.643676 0.786238 0.657348 0.733503 0.657348
0 0.852304 0.637833 0.779522 0.652587 0.775955 0.634992 0.848738 0.620239