0 0.050643 0.075791 0.037040 0.077156 0.029435 0.001365 0.043039 0.000000
0 0.058594 0.085937 0.002475 0.097313 0.000000 0.085104 0.056119 0.073728
0 0.101393 0.070097 0.054688 0.089844 0.048998 0.076387 0.095703 0.056641
0 0.049065 0.084771 0.064453 0.087891 0.052208 0.148300 0.036819 0.145180
0 0.078125 0.203125 0.066413 0.206748 0.046067 0.140974 0.057779 0.137351
0 0.083984 0.257812 0.072231 0.261448 0.057077 0.212461 0.068831 0.208825
0 0.062500 0.257812 0.076172 0.257812 0.076172 0.345703 0.062500 0.345703
0 0.103516 0.343750 0.069529 0.396680 0.057680 0.389072 0.091666 0.336141
0 0.074732 0.393018 0.086988 0.396809 0.068359 0.457031 0.056103 0.453240
0 0.097656 0.488281 0.085257 0.496764 0.062179 0.463032 0.074579 0.454549
0 0.099609 0.529297 0.085653 0.530697 0.081489 0.489188 0.095445 0.487788
0 0.087891 0.527344 0.104218 0.530653 0.089844 0.601563 0.073517 0.598253
0 0.172412 0.064101 0.108972 0.083726 0.104932 0.070664 0.168372 0.051040
0 0.123712 0.744668 0.113281 0.757812 0.070055 0.723510 0.080486 0.710366
0 0.111328 0.751953 0.125000 0.751953 0.125000 0.794922 0.111328 0.794922
0 0.123047 0.791016 0.179688 0.791016 0.179688 0.806641 0.123047 0.806641
0 0.128266 0.803501 0.141966 0.809294 0.119169 0.863214 0.105469 0.857422
0 0.103516 0.857422 0.119141 0.857422 0.119141 0.900391 0.103516 0.900391