0 0.058668 0.574645 0.072339 0.574781 0.071089 0.699775 0.057418 0.699638
0 0.084756 0.769077 0.069209 0.770637 0.062579 0.704562 0.078126 0.703002
0 0.118395 0.814499 0.105499 0.823322 0.068003 0.768514 0.080899 0.759692
0 0.108994 0.814240 0.123386 0.820325 0.061779 0.966039 0.047387 0.959955
0 0.042418 0.963382 0.058043 0.963382 0.058043 0.998047 0.042418 0.998047
0 0.060893 0.579912 0.048300 0.585236 0.010271 0.495289 0.022863 0.489965
0 0.030140 0.356485 0.044371 0.357913 0.031041 0.490760 0.016811 0.489332
0 0.066439 0.291625 0.080830 0.297710 0.049646 0.371467 0.035255 0.365382
0 0.013928 0.283246 0.027532 0.284611 0.018172 0.377893 0.004569 0.376528
0 0.030699 0.189944 0.048277 0.189944 0.048277 0.281741 0.030699 0.281741
0 0.087376 0.125297 0.095152 0.133304 0.009041 0.216936 0.001265 0.208929
0 0.037442 0.107181 0.047899 0.115989 0.006377 0.165285 0.000000 0.156478
0 0.039022 0.011845 0.050682 0.013014 0.041907 0.100466 0.030247 0.099296
0 0.745543 0.949710 0.731144 0.955798 0.691254 0.861449 0.705653 0.855361
0 0.819935 0.056568 0.834862 0.061185 0.811775 0.135821 0.796848 0.131203