0 0.055228 0.132765 0.037737 0.134520 0.027013 0.027634 0.044503 0.025880
0 0.054431 0.121037 0.098738 0.139770 0.092833 0.153735 0.048527 0.135002
0 0.114363 0.188598 0.099142 0.195033 0.078967 0.147315 0.094187 0.140879
0 0.103905 0.182384 0.115189 0.190104 0.079898 0.241687 0.068615 0.233967
0 0.112830 0.182588 0.141706 0.198364 0.134670 0.211244 0.105793 0.195468
0 0.104597 0.297973 0.090267 0.300878 0.077053 0.235696 0.091384 0.232791
0 0.177422 0.280117 0.098941 0.296026 0.096224 0.282626 0.174706 0.266717
0 0.093163 0.293519 0.104290 0.296962 0.079206 0.378051 0.068079 0.374609
0 0.051546 0.430362 0.064945 0.433078 0.046320 0.524959 0.032921 0.522243
0 0.106550 0.415161 0.093308 0.422395 0.068270 0.376564 0.081513 0.369330
0 0.012159 0.564731 0.185118 0.582085 0.183363 0.599575 0.010404 0.582221
0 0.069441 0.590942 0.049011 0.592992 0.040095 0.504129 0.060525 0.502079
0 0.057722 0.590942 0.071394 0.590942 0.071394 0.626098 0.057722 0.626098
0 0.061628 0.602661 0.076644 0.607306 0.063581 0.649536 0.048565 0.644890
0 0.044050 0.626098 0.057722 0.626098 0.057722 0.676879 0.044050 0.676879