0 0.779297 0.340039 0.795508 0.351172 0.682617 0.516016 0.666406 0.505078
0 0.793945 0.224219 0.813086 0.228125 0.789844 0.342969 0.770703 0.339258
0 0.755078 0.0775391 0.77832 0.0726563 0.80918 0.224805 0.785742 0.229687
0 0.700195 0.0167969 0.716406 0.00410156 0.764648 0.0648438 0.748437 0.0777344
0 0.37168 0.560937 0.499023 0.553125 0.500195 0.573828 0.372852 0.581445
0 0.264648 0.574609 0.358789 0.555664 0.362695 0.574805 0.268555 0.593945
0 0 0.564063 0.0888672 0.555078 0.0902344 0.569922 0.0015625 0.578711
0 0.107227 0.573047 0.149219 0.585938 0.143945 0.603125 0.101953 0.590039
0 0.151562 0.592773 0.194336 0.574609 0.202344 0.593555 0.15957 0.611523
0 0.0244141 0.576562 0.0908203 0.576562 0.0908203 0.592187 0.0244141 0.592187
