0 0.367061 0.150847 0.380505 0.162171 0.310044 0.245826 0.296599 0.234502
0 0.319997 0.313571 0.304906 0.316630 0.290902 0.247543 0.305993 0.244484
0 0.299128 0.304401 0.314720 0.317534 0.255544 0.387790 0.239953 0.374657
0 0.246335 0.377882 0.265310 0.379977 0.250996 0.509577 0.232022 0.507481
0 0.229817 0.520256 0.244745 0.524874 0.218771 0.608839 0.203844 0.604221
0 0.208661 0.618298 0.222374 0.625789 0.177427 0.708063 0.163715 0.700572
0 0.196951 0.608493 0.212576 0.608493 0.212576 0.629977 0.196951 0.629977
0 0.160472 0.864031 0.145545 0.868648 0.120148 0.786549 0.135075 0.781931
0 0.131559 0.856746 0.149549 0.864351 0.109998 0.957897 0.092009 0.950291
0 0.085622 0.944430 0.101247 0.944430 0.101247 0.999118 0.085622 0.999118
0 0.178075 0.719496 0.189436 0.727269 0.143059 0.795058 0.131698 0.787285