0 0.658365 0.000980 0.679024 0.003053 0.664289 0.149909 0.643630 0.147837
0 0.650959 0.157647 0.570530 0.187920 0.564338 0.171469 0.644766 0.141195
0 0.618501 0.158804 0.634283 0.162003 0.623273 0.216316 0.607491 0.213116
0 0.642805 0.267097 0.628471 0.271531 0.612653 0.220395 0.626987 0.215961
0 0.624286 0.278182 0.642334 0.279993 0.631086 0.392097 0.613038 0.390286
0 0.634992 0.433113 0.616490 0.433668 0.615366 0.396239 0.633869 0.395684
0 0.660383 0.513191 0.636620 0.520541 0.609274 0.432139 0.633037 0.424788
0 0.642804 0.575691 0.662336 0.575691 0.662336 0.642097 0.642804 0.642097
0 0.547101 0.634284 0.898664 0.634284 0.898664 0.651863 0.547101 0.651863
0 0.545392 0.928614 0.715237 0.933711 0.714827 0.947377 0.544981 0.942280
0 0.764674 0.977859 0.753747 0.991629 0.698669 0.947922 0.709596 0.934152