0 0.285207 0.611191 0.302782 0.611543 0.295048 0.998184 0.277473 0.997832
0 0.039177 0.350274 0.132912 0.401482 0.125088 0.415804 0.031353 0.364596
0 0.125088 0.398225 0.181729 0.398225 0.181729 0.413850 0.125088 0.413850
0 0.277546 0.397742 0.187588 0.425569 0.184116 0.414344 0.274073 0.386517
0 0.275479 0.390413 0.326260 0.390413 0.326260 0.407991 0.275479 0.407991
0 0.430917 0.386407 0.334073 0.406038 0.330109 0.386485 0.426953 0.366854
0 0.476651 0.349397 0.431900 0.387090 0.420991 0.374138 0.465741 0.336445
0 0.471645 0.346019 0.539662 0.352844 0.538298 0.366447 0.470280 0.359623
0 0.541435 0.334393 0.625088 0.351350 0.622383 0.364699 0.538729 0.347741
0 0.650576 0.299795 0.663976 0.302511 0.652335 0.359937 0.638935 0.357221
0 0.628995 0.351350 0.671963 0.351350 0.671963 0.370882 0.628995 0.370882
0 0.654385 0.363069 0.668057 0.363069 0.668057 0.417757 0.654385 0.417757
0 0.660245 0.415804 0.675870 0.415804 0.675870 0.497835 0.660245 0.497835
0 0.670010 0.509554 0.681729 0.509554 0.681729 0.562288 0.670010 0.562288
0 0.678521 0.563331 0.693835 0.566436 0.681030 0.629604 0.665717 0.626500
0 0.655292 0.620438 0.671893 0.622104 0.656338 0.777132 0.639737 0.775466
0 0.651227 0.775709 0.667248 0.780665 0.637203 0.877791 0.621182 0.872835
0 0.603604 0.870882 0.621182 0.870882 0.621182 0.949007 0.603604 0.949007
0 0.609463 0.949007 0.631318 0.949007 0.631318 1.000000 0.609463 1.000000
0 0.671963 0.626741 0.687588 0.626741 0.687588 0.706819 0.671963 0.706819
0 0.665914 0.351771 0.740323 0.374788 0.735360 0.390831 0.660952 0.367814
0 0.753995 0.349397 0.771573 0.349397 0.771573 0.394319 0.753995 0.394319
0 0.852416 0.303342 0.792965 0.344015 0.784387 0.331476 0.843838 0.290803
0 0.845791 0.290804 0.978604 0.290804 0.978604 0.306429 0.845791 0.306429