0 0.011404 0.522555 0.089529 0.522555 0.089529 0.538180 0.011404 0.538180
0 0.152382 0.459084 0.165628 0.475776 0.099294 0.528415 0.086049 0.511723
0 0.110935 0.507838 0.202681 0.546627 0.195076 0.564617 0.103329 0.525827
0 0.194997 0.540134 0.271169 0.540134 0.271169 0.559665 0.194997 0.559665
0 0.224294 0.489352 0.239919 0.489352 0.239919 0.553805 0.224294 0.553805
0 0.294607 0.590915 0.280807 0.600356 0.252260 0.558629 0.266060 0.549188
0 0.086033 0.648222 0.073787 0.660832 0.005133 0.594155 0.017380 0.581545
0 0.133280 0.692609 0.117854 0.701037 0.090699 0.651330 0.106125 0.642902
0 0.128591 0.678805 0.204763 0.678805 0.204763 0.698337 0.128591 0.698337
0 0.065725 0.211635 0.009713 0.242235 0.000314 0.225030 0.056326 0.194430
0 0.056326 0.190524 0.103201 0.190524 0.103201 0.208102 0.056326 0.208102
0 0.161315 0.152721 0.103631 0.201307 0.094346 0.190282 0.152029 0.141696
0 0.121446 0.347332 0.107838 0.361343 0.041987 0.297388 0.055594 0.283377
0 0.030801 0.279118 0.046921 0.290146 0.019350 0.330446 0.003230 0.319418
0 0.127846 0.332132 0.286794 0.364352 0.283445 0.380877 0.124496 0.348656
0 0.304373 0.276462 0.316137 0.291286 0.218614 0.368676 0.206850 0.353851
0 0.174766 0.390662 0.161871 0.399485 0.133197 0.357573 0.146093 0.348751
0 0.321005 0.176316 0.336552 0.177876 0.326803 0.275045 0.311256 0.273485
0 0.196951 0.710055 0.212576 0.710055 0.212576 0.856540 0.196951 0.856540
0 0.222039 0.842413 0.355154 0.915133 0.345252 0.933259 0.212137 0.860538
0 0.463962 0.891256 0.366578 0.932429 0.359332 0.915291 0.456716 0.874118
0 0.460622 0.885837 0.581716 0.885837 0.581716 0.905368 0.460622 0.905368
0 0.423513 0.989104 0.412895 0.998047 0.367180 0.943771 0.377798 0.934828
0 0.250597 0.887192 0.260155 0.897034 0.180366 0.974527 0.170807 0.964684
0 0.191280 0.849365 0.200993 0.861604 0.124496 0.922309 0.114783 0.910069