0 0.404297 0.005720 0.417969 0.005720 0.417969 0.046736 0.404297 0.046736
0 0.418369 0.095517 0.403056 0.098621 0.394131 0.054595 0.409444 0.051491
0 0.419922 0.132673 0.404815 0.139060 0.391197 0.106850 0.406304 0.100463
0 0.400391 0.150251 0.414062 0.150251 0.414062 0.240095 0.400391 0.240095
0 0.397978 0.243489 0.411581 0.244854 0.404757 0.312872 0.391153 0.311507
0 0.414894 0.412904 0.399347 0.414464 0.389793 0.319239 0.405340 0.317679
0 0.005831 0.634347 0.135736 0.651330 0.132812 0.673689 0.002908 0.656705
0 0.180726 0.661231 0.133953 0.681006 0.127868 0.666615 0.174641 0.646840
0 0.188167 0.663212 0.339844 0.681501 0.338600 0.691819 0.186923 0.673530
0 0.391841 0.725241 0.382316 0.735049 0.344487 0.698308 0.354012 0.688501
0 0.389720 0.730867 0.501564 0.742089 0.500000 0.757673 0.388156 0.746451
0 0.505522 0.743339 0.586009 0.760494 0.582031 0.779157 0.501544 0.762002
0 0.647220 0.776286 0.590863 0.781941 0.589108 0.764451 0.645465 0.758796
0 0.694927 0.755639 0.642757 0.777696 0.635151 0.759707 0.687321 0.737650
0 0.704987 0.654144 0.718048 0.658184 0.691497 0.744015 0.678436 0.739975
0 0.716797 0.816267 0.701966 0.820855 0.683030 0.759642 0.697862 0.755054
0 0.728516 0.599470 0.741259 0.603412 0.725835 0.653275 0.713091 0.649333