0 0.466797 0.001953 0.474609 0.001953 0.474609 0.085938 0.466797 0.085938
0 0.462891 0.082031 0.469757 0.085180 0.455078 0.117188 0.448212 0.114038
0 0.445222 0.119050 0.456940 0.119050 0.456940 0.158112 0.445222 0.158112
0 0.466956 0.182358 0.456940 0.185456 0.447356 0.154473 0.457372 0.151375
0 0.458894 0.179597 0.470612 0.179597 0.470612 0.230378 0.458894 0.230378
0 0.460208 0.231941 0.467964 0.232876 0.465392 0.254206 0.457636 0.253271
0 0.456669 0.253411 0.466386 0.254386 0.463071 0.287423 0.453354 0.286448
0 0.454987 0.285065 0.464753 0.285065 0.464753 0.329987 0.454987 0.329987
0 0.361237 0.333894 0.372956 0.333894 0.372956 0.437409 0.361237 0.437409
0 0.356012 0.435324 0.368029 0.437760 0.351472 0.519440 0.339454 0.517004
0 0.361497 0.559759 0.349837 0.560929 0.345352 0.516231 0.357013 0.515061
0 0.343659 0.564362 0.355378 0.564362 0.355378 0.662019 0.343659 0.662019
0 0.371985 0.776952 0.360500 0.779280 0.338771 0.672085 0.350256 0.669757
0 0.372956 0.781159 0.342864 0.797599 0.338755 0.790078 0.368847 0.773638
0 0.342883 0.794665 0.354587 0.795251 0.344435 0.998122 0.332731 0.997536
0 0.285065 0.572175 0.345612 0.572175 0.345612 0.583894 0.285065 0.583894
0 0.476472 0.339753 0.488190 0.339753 0.488190 0.378815 0.476472 0.378815
0 0.478425 0.378815 0.488190 0.378815 0.488190 0.429597 0.478425 0.429597
0 0.474206 0.421737 0.483535 0.424623 0.465065 0.484331 0.455736 0.481445
0 0.458173 0.482174 0.468928 0.482496 0.466706 0.556550 0.455951 0.556227
0 0.476472 0.593659 0.464556 0.596075 0.457023 0.558909 0.468938 0.556493
0 0.465537 0.592657 0.474649 0.596509 0.451081 0.652253 0.441969 0.648400
0 0.456940 0.697175 0.449070 0.699610 0.435916 0.657088 0.443787 0.654654
0 0.443269 0.699128 0.453034 0.699128 0.453034 0.751862 0.443269 0.751862
0 0.462800 0.787019 0.451995 0.790599 0.438931 0.751178 0.449736 0.747597
0 0.501862 0.859284 0.488301 0.866693 0.448655 0.794121 0.462216 0.786713
0 0.495323 0.859007 0.506785 0.861450 0.488870 0.945499 0.477409 0.943056
0 0.472565 0.939362 0.484284 0.939362 0.484284 0.976472 0.472565 0.976472
0 0.494050 0.994050 0.484041 0.998281 0.476472 0.980378 0.486480 0.976146