0 0.8125 0.285547 1 0.285547 1 0.301172 0.8125 0.301172
0 0.723828 0.250781 0.730469 0.238672 0.811133 0.282813 0.804492 0.294922
0 0.674023 0.206836 0.6875 0.19375 0.727344 0.234961 0.714063 0.247852
0 0.591211 0.201953 0.672852 0.19375 0.674414 0.20918 0.592773 0.217383
0 0.75 0.437891 0.768945 0.443164 0.731836 0.576758 0.712891 0.571484
0 0.714648 0.575781 0.732422 0.573633 0.744141 0.670312 0.726172 0.672461
0 0.719141 0.674023 0.735938 0.677344 0.716797 0.771875 0.7 0.768555
0 0.676758 0.865039 0.697461 0.867188 0.6875 0.967187 0.666797 0.965234
0 0.669727 0.975 0.6875 0.965234 0.7 0.988477 0.682422 0.998047
0 0.667969 0.808984 0.685547 0.808984 0.685547 0.863672 0.667969 0.863672
0 0.709375 0.764258 0.719141 0.773633 0.681055 0.812891 0.671289 0.80332
0 0.740234 0.2875 0.756445 0.285938 0.766602 0.385937 0.750195 0.387695
0 0.739648 0.392188 0.757227 0.39043 0.762109 0.438867 0.744531 0.440625
0 0.0203125 0.205469 0.0251953 0.190039 0.164062 0.232813 0.15918 0.248438
