0 0.520226 0.006352 0.539063 0.007673 0.469661 0.997509 0.450824 0.996188
0 0.736328 0.419782 0.718036 0.423490 0.705868 0.363461 0.724160 0.359753
0 0.717525 0.414805 0.738962 0.421437 0.712891 0.505720 0.691453 0.499088
0 0.731074 0.305185 0.748047 0.312360 0.727876 0.360070 0.710903 0.352894
0 0.751313 0.307313 0.731879 0.309263 0.725250 0.243189 0.744683 0.241239
0 0.727701 0.185907 0.746843 0.189787 0.737143 0.237642 0.718001 0.233762
0 0.739311 0.179461 0.724072 0.184175 0.697266 0.097517 0.712505 0.092803
0 0.685017 0.076079 0.666016 0.077985 0.658686 0.004935 0.677687 0.003029
0 0.704933 0.095366 0.693359 0.107282 0.667384 0.082055 0.678957 0.070139
0 0.703125 0.503767 0.722656 0.503767 0.722656 0.589704 0.703125 0.589704
0 0.794922 0.642439 0.774607 0.656337 0.711993 0.564815 0.732308 0.550917
0 0.812500 0.685407 0.793601 0.695732 0.769429 0.651483 0.788327 0.641159
0 0.915294 0.758188 0.999634 0.784278 0.992544 0.807200 0.908203 0.781110
0 0.800781 0.693220 0.818359 0.693220 0.818359 0.765486 0.800781 0.765486
0 0.685749 0.726205 0.541282 0.730540 0.540814 0.714922 0.685280 0.710587
0 0.729328 0.652687 0.744266 0.665269 0.696453 0.722035 0.681515 0.709452