0 0.088994 0.303823 0.006683 0.320508 0.002803 0.301367 0.085113 0.284681
0 0.084975 0.294323 0.183917 0.336155 0.174790 0.357742 0.075848 0.315910
0 0.187660 0.333077 0.284687 0.363091 0.277183 0.387347 0.180157 0.357334
0 0.392465 0.359733 0.279297 0.382673 0.275739 0.365123 0.388907 0.342182
0 0.454736 0.331743 0.401596 0.372140 0.382408 0.346898 0.435547 0.306501
0 0.445046 0.311855 0.534441 0.320825 0.531516 0.349975 0.442121 0.341006
0 0.534773 0.318098 0.655262 0.330187 0.652727 0.355451 0.532238 0.343362
0 0.644531 0.333845 0.746094 0.333845 0.746094 0.359236 0.644531 0.359236
0 0.855564 0.348952 0.752053 0.349987 0.751858 0.330457 0.855369 0.329422
0 0.842563 0.332132 0.938273 0.351533 0.934781 0.368761 0.839071 0.349360
0 0.952276 0.347590 0.991698 0.369127 0.983271 0.384553 0.943848 0.363016