0 0.663747 0.444430 0.649801 0.445268 0.644974 0.364916 0.658921 0.364078
0 0.656814 0.458531 0.597448 0.483630 0.590603 0.467439 0.649968 0.442340
0 0.665751 0.446467 0.770216 0.502187 0.764040 0.513767 0.659575 0.458046
0 0.847341 0.483493 0.773093 0.506461 0.768260 0.490835 0.842508 0.467868
0 0.876763 0.541431 0.866479 0.547049 0.837451 0.493914 0.847735 0.488296
0 0.874685 0.545993 0.917654 0.545993 0.917654 0.559665 0.874685 0.559665
0 0.970954 0.540666 0.924495 0.560308 0.918427 0.545956 0.964886 0.526314
0 0.966482 0.450290 0.984060 0.450290 0.984060 0.510837 0.966482 0.510837
0 0.861013 0.415134 0.950857 0.415134 0.950857 0.430759 0.861013 0.430759
0 0.983457 0.444928 0.969613 0.456588 0.942873 0.424840 0.956716 0.413181
0 0.861834 0.426453 0.876638 0.432712 0.856355 0.480686 0.841551 0.474427
0 0.128294 0.238735 0.143607 0.241839 0.124982 0.333720 0.109669 0.330616
0 0.118379 0.334693 0.131440 0.338733 0.109507 0.409637 0.096446 0.405597
0 0.136404 0.448337 0.124190 0.453500 0.110368 0.420807 0.122581 0.415643
0 0.114919 0.454196 0.130544 0.454196 0.130544 0.682712 0.114919 0.682712
0 0.167932 0.818253 0.182372 0.821030 0.157888 0.948337 0.143448 0.945560
0 0.171523 0.990468 0.158930 0.995792 0.138394 0.947221 0.150987 0.941897
0 0.618826 0.825290 0.634451 0.825290 0.634451 0.997165 0.618826 0.997165