0 0.002776 0.705056 0.991484 0.794280 0.989919 0.811618 0.001211 0.722393
0 0.790449 0.821727 0.808279 0.827243 0.760975 0.980163 0.743145 0.974648
0 0.797147 0.818804 0.998137 0.859547 0.993869 0.880603 0.792879 0.839861
0 0.180774 0.871309 0.753097 0.975455 0.749743 0.993888 0.177419 0.889743
0 0.078285 0.822458 0.172556 0.873959 0.161320 0.894528 0.067048 0.843027
0 0.009451 0.815524 0.081716 0.815524 0.081716 0.840915 0.009451 0.840915
0 0.000000 0.868259 0.138672 0.868259 0.138672 0.889743 0.000000 0.889743
0 0.279796 0.010291 0.297286 0.012046 0.284027 0.144195 0.266537 0.142440
0 0.287798 0.085527 0.276912 0.096736 0.199853 0.021894 0.210739 0.010686
0 0.292475 0.065461 0.446951 0.096774 0.443462 0.113983 0.288987 0.082669
0 0.283240 0.137375 0.993353 0.201459 0.991872 0.217868 0.281760 0.153785
0 0.448904 0.090915 0.569997 0.090915 0.569997 0.112399 0.448904 0.112399
0 0.616784 0.123347 0.609696 0.137272 0.566180 0.115124 0.573268 0.101198
0 0.780293 0.119610 0.623975 0.135294 0.622664 0.122224 0.778982 0.106540
0 0.764174 0.143854 0.693044 0.182712 0.683968 0.166098 0.755098 0.127240
0 0.849294 0.004977 0.868826 0.004977 0.868826 0.124118 0.849294 0.124118
0 0.850625 0.130684 0.784064 0.158825 0.775698 0.139037 0.842259 0.110895
0 0.556326 0.254977 0.535065 0.269522 0.470388 0.174983 0.491648 0.160438
0 0.525076 0.258884 0.540701 0.258884 0.540701 0.307712 0.525076 0.307712
0 0.659841 0.329196 0.653086 0.346572 0.538303 0.301946 0.545058 0.284571
0 0.596178 0.181684 0.614167 0.189290 0.586786 0.254052 0.568797 0.246446
0 0.622489 0.303775 0.606298 0.310621 0.581959 0.253054 0.598150 0.246209
0 0.689052 0.256007 0.602613 0.264679 0.600746 0.246072 0.687185 0.237399
0 0.689142 0.187384 0.705332 0.194229 0.683275 0.246399 0.667085 0.239554
0 0.743826 0.282321 0.728351 0.301821 0.677299 0.261309 0.692774 0.241809
0 0.751364 0.216229 0.771152 0.224595 0.746053 0.283960 0.726265 0.275594
0 0.823918 0.244806 0.816531 0.256310 0.735999 0.204602 0.743386 0.193097
0 0.833669 0.204196 0.853201 0.204196 0.853201 0.247165 0.833669 0.247165
0 0.948131 0.239397 0.854335 0.258410 0.850067 0.237354 0.943863 0.218341