0 0.119816 0.277917 0.998111 0.313067 0.997436 0.329933 0.119141 0.294782
0 0.121684 0.295850 0.002924 0.305371 0.001363 0.285902 0.120123 0.276381
0 0.492188 0.208845 0.507812 0.208845 0.507812 0.310407 0.492188 0.310407
0 0.511401 0.015839 0.527344 0.017439 0.508077 0.209465 0.492134 0.207865
0 0.472656 0.314314 0.490234 0.314314 0.490234 0.370954 0.472656 0.370954
0 0.468525 0.372578 0.484429 0.377498 0.462891 0.447126 0.446986 0.442206
0 0.449219 0.447126 0.464844 0.447126 0.464844 0.501814 0.449219 0.501814
0 0.447350 0.503187 0.461807 0.506118 0.449219 0.568220 0.434761 0.565289
0 0.453125 0.619001 0.435011 0.620819 0.429246 0.563360 0.447360 0.561542
0 0.435654 0.618132 0.450581 0.622749 0.431534 0.684324 0.416607 0.679706
0 0.468750 0.876814 0.450421 0.880529 0.410545 0.683814 0.428874 0.680098
0 0.486328 0.919782 0.466893 0.925794 0.449964 0.871068 0.469399 0.865056