0 0.553220 0.000000 0.570549 0.005360 0.546875 0.081892 0.529546 0.076531
0 0.562500 0.167829 0.547251 0.170921 0.529712 0.084398 0.544961 0.081306
0 0.551177 0.170910 0.566104 0.175527 0.546479 0.238968 0.531552 0.234350
0 0.570312 0.281110 0.552852 0.288493 0.531416 0.237792 0.548876 0.230409
0 0.554074 0.277724 0.571219 0.281199 0.560547 0.333845 0.543402 0.330369
0 0.583984 0.382673 0.566608 0.388048 0.551507 0.339231 0.568883 0.333855
0 0.557326 0.389770 0.572640 0.392875 0.555955 0.475185 0.540641 0.472081
0 0.576172 0.513532 0.559943 0.518553 0.545734 0.472620 0.561963 0.467600
0 0.551273 0.514751 0.568741 0.518292 0.556641 0.577985 0.539173 0.574444
0 0.546875 0.577986 0.566406 0.577986 0.566406 0.663923 0.546875 0.663923
0 0.544299 0.655952 0.559275 0.664133 0.503906 0.765486 0.488930 0.757304
0 0.375997 0.619942 0.390625 0.622907 0.361012 0.768996 0.346383 0.766031
0 0.402344 0.990095 0.389061 0.992787 0.341797 0.759626 0.355080 0.756934