0 0.195841 0.001389 0.214546 0.007796 0.184973 0.094134 0.166268 0.087727
0 0.227644 0.159301 0.205557 0.171367 0.163785 0.094905 0.185872 0.082839
0 0.200266 0.151820 0.215112 0.159930 0.173302 0.236463 0.158456 0.228352
0 0.173703 0.234272 0.191489 0.242003 0.164315 0.304524 0.146529 0.296794
0 0.180325 0.345496 0.197518 0.357259 0.146413 0.431959 0.129220 0.420197
0 0.121687 0.407726 0.134175 0.413006 0.105721 0.480305 0.093233 0.475025
0 0.071387 0.536943 0.083804 0.543727 0.053011 0.600094 0.040594 0.593311
0 0.040910 0.707725 0.055178 0.710618 0.039911 0.785932 0.025643 0.783040
0 0.094003 0.949055 0.080507 0.956428 0.041268 0.884602 0.054764 0.877229
0 0.148539 0.300191 0.161132 0.305515 0.139075 0.357685 0.126482 0.352361
0 0.122933 0.359154 0.137295 0.360595 0.131802 0.415340 0.117440 0.413899
0 0.089787 0.475976 0.102534 0.480920 0.080639 0.537369 0.067893 0.532425
0 0.044637 0.599320 0.057227 0.601352 0.040186 0.706946 0.027596 0.704915
0 0.045633 0.820684 0.036062 0.822624 0.027138 0.778598 0.036709 0.776658
0 0.035409 0.822102 0.048501 0.823416 0.043878 0.869499 0.030785 0.868185