0 0.001950 0.513393 0.083571 0.521582 0.081622 0.541016 0.000000 0.532826
0 0.090515 0.517737 0.140625 0.538923 0.132527 0.558076 0.082417 0.536889
0 0.192220 0.549329 0.128089 0.555763 0.126139 0.536330 0.190270 0.529895
0 0.291644 0.533907 0.192533 0.543851 0.190778 0.526361 0.289889 0.516417
0 0.291016 0.517439 0.431641 0.517439 0.431641 0.533064 0.291016 0.533064
0 0.488956 0.525824 0.483732 0.544644 0.432919 0.530537 0.438143 0.511718
0 0.533330 0.512590 0.538992 0.527153 0.486201 0.547678 0.480539 0.533115
0 0.537487 0.502021 0.614055 0.517542 0.610950 0.532856 0.534383 0.517335
0 0.689234 0.553712 0.683594 0.568220 0.611413 0.540158 0.617054 0.525650
0 0.701172 0.552595 0.875000 0.552595 0.875000 0.568220 0.701172 0.568220
0 0.931641 0.560407 0.986328 0.560407 0.986328 0.576032 0.931641 0.576032
0 0.913103 0.535497 0.925243 0.550796 0.891585 0.577506 0.879444 0.562206
0 0.516348 0.740989 0.501035 0.744093 0.471933 0.600529 0.487246 0.597425