0 0.740023 0.000000 0.760755 0.004202 0.741873 0.097352 0.721141 0.093149
0 0.829763 0.118259 0.849294 0.118259 0.849294 0.215915 0.829763 0.215915
0 0.821393 0.209971 0.836320 0.214589 0.806883 0.309749 0.791956 0.305132
0 0.829763 0.399509 0.815464 0.403932 0.788648 0.317241 0.802947 0.312818
0 0.808279 0.403415 0.827810 0.403415 0.827810 0.489352 0.808279 0.489352
0 0.827316 0.633200 0.813688 0.634292 0.806820 0.548630 0.820448 0.547537
0 0.836553 0.485918 0.849294 0.491305 0.822630 0.554372 0.809889 0.548985
0 0.834487 0.629334 0.851977 0.631089 0.842618 0.724371 0.825127 0.722616
0 0.828592 0.716114 0.842304 0.723605 0.811403 0.780168 0.797691 0.772677
0 0.845388 0.848727 0.828567 0.852137 0.816118 0.790725 0.832939 0.787315
0 0.845388 0.950290 0.831254 0.953155 0.814553 0.870764 0.828687 0.867899
0 0.831917 0.946049 0.841482 0.958102 0.805800 0.986418 0.796235 0.974365
0 0.322248 0.000109 0.341482 0.001071 0.291598 0.997916 0.272364 0.996953