0 0.005889 0.099634 0.091797 0.117048 0.089390 0.128920 0.003482 0.111505
0 0.162838 0.144326 0.085590 0.156001 0.083256 0.140551 0.160503 0.128876
0 0.175928 0.135150 0.250564 0.158238 0.245947 0.173165 0.171311 0.150077
0 0.308471 0.151217 0.250147 0.169258 0.244411 0.150715 0.302734 0.132673
0 0.298602 0.135194 0.385306 0.162015 0.381126 0.175529 0.294421 0.148709
0 0.435235 0.199505 0.424778 0.208312 0.387031 0.163498 0.397488 0.154690
0 0.435547 0.204939 0.447266 0.204939 0.447266 0.290876 0.435547 0.290876
0 0.430671 0.290612 0.443359 0.291885 0.433926 0.385899 0.421238 0.384626
0 0.433456 0.469691 0.419852 0.471056 0.412248 0.395265 0.425851 0.393900
0 0.431771 0.476148 0.444832 0.480188 0.421745 0.554824 0.408683 0.550783
0 0.469404 0.146242 0.478367 0.153792 0.436846 0.203088 0.427883 0.195539
0 0.511719 0.105329 0.522005 0.115920 0.477718 0.158932 0.467432 0.148342
0 0.522379 0.104268 0.573990 0.132463 0.566406 0.146345 0.514796 0.118150
0 0.818439 0.212361 0.896561 0.213142 0.896404 0.228766 0.818283 0.227985
0 0.889120 0.238797 0.957887 0.253455 0.954630 0.268736 0.885863 0.254079