0 0.843750 0.708845 0.853516 0.708845 0.853516 0.851423 0.843750 0.851423
0 0.838419 0.853118 0.846509 0.858652 0.804688 0.919782 0.796597 0.914248
0 0.791016 0.917829 0.804688 0.917829 0.804688 0.962751 0.791016 0.962751
0 0.800781 0.964704 0.762408 0.997025 0.753127 0.986006 0.791500 0.953685
0 0.808897 0.780343 0.824554 0.785015 0.777344 0.943220 0.761687 0.938548
0 0.770251 0.982761 0.756067 0.985341 0.748047 0.941267 0.762231 0.938686
0 0.886134 0.498008 0.898438 0.501814 0.840708 0.688439 0.828404 0.684633
0 0.917969 0.365095 0.931641 0.365095 0.931641 0.449079 0.917969 0.449079
0 0.900391 0.445173 0.916985 0.450306 0.900369 0.504020 0.883775 0.498887
0 0.972656 0.245954 0.986802 0.251935 0.938083 0.367166 0.923937 0.361185
0 0.869241 0.463168 0.880035 0.467731 0.853415 0.530694 0.842621 0.526131