0 0.142027 0.137210 0.129154 0.138502 0.118141 0.028737 0.131014 0.027446
0 0.150869 0.197670 0.134076 0.202865 0.115606 0.143156 0.132399 0.137961
0 0.123534 0.197518 0.143980 0.201663 0.121873 0.310724 0.101426 0.306579
0 0.147886 0.377444 0.128493 0.383444 0.106861 0.313514 0.126255 0.307515
0 0.121344 0.382869 0.136378 0.385916 0.110777 0.512210 0.095743 0.509163
0 0.112730 0.666507 0.094991 0.668287 0.079527 0.514163 0.097266 0.512383
0 0.136168 0.725101 0.119497 0.732149 0.093422 0.670474 0.110092 0.663426
0 0.117283 0.000000 0.178016 0.025678 0.171324 0.041507 0.110591 0.015829
0 0.392027 0.021976 0.176619 0.043589 0.175031 0.027759 0.390439 0.006146
0 0.396497 0.009196 0.623349 0.020548 0.622496 0.037601 0.395644 0.026249
0 0.643668 0.040835 0.795424 0.071598 0.792418 0.086429 0.640662 0.055666
0 0.997142 0.015770 0.842148 0.062023 0.836511 0.043134 0.991506 0.000000