0 0.946091 0.181067 0.925898 0.185160 0.905969 0.086849 0.926162 0.082755
0 0.925850 0.176241 0.945618 0.180249 0.924844 0.282730 0.905075 0.278723
0 0.905075 0.282629 0.922654 0.282629 0.922654 0.399817 0.905075 0.399817
0 0.907029 0.405676 0.928513 0.405676 0.928513 0.587317 0.907029 0.587317
0 0.915169 0.586186 0.930097 0.590803 0.914513 0.641182 0.899585 0.636565
0 0.907029 0.640051 0.926560 0.640051 0.926560 0.714270 0.907029 0.714270
0 0.826950 0.712317 0.908982 0.712317 0.908982 0.725989 0.826950 0.725989
0 0.360539 0.581141 0.772463 0.593502 0.771877 0.613025 0.359953 0.600663
0 0.799607 0.643958 0.786839 0.650933 0.765155 0.611240 0.777923 0.604265
0 0.983200 0.919348 0.969496 0.923588 0.904687 0.714078 0.918392 0.709839
0 0.668747 0.065833 0.901169 0.065833 0.901169 0.081458 0.668747 0.081458