0 0.246993 0.055930 0.238550 0.069078 0.151445 0.013148 0.159887 0.000000
0 0.251953 0.052595 0.335938 0.052595 0.335938 0.070173 0.251953 0.070173
0 0.368197 0.011948 0.383135 0.024530 0.346647 0.067851 0.331708 0.055269
0 0.376466 0.015385 0.507752 0.039275 0.503906 0.060407 0.372620 0.036517
0 0.505859 0.036970 0.589844 0.036970 0.589844 0.052595 0.505859 0.052595
0 0.656493 0.051047 0.653173 0.070294 0.593507 0.060003 0.596827 0.040756
0 0.658203 0.052595 0.708984 0.052595 0.708984 0.068220 0.658203 0.068220
0 0.786153 0.030249 0.792522 0.046632 0.719707 0.074941 0.713337 0.058558
0 0.792969 0.033064 0.859375 0.033064 0.859375 0.050642 0.792969 0.050642
0 0.244003 0.059206 0.260796 0.064401 0.242326 0.124109 0.225533 0.118914
0 0.218750 0.117048 0.234375 0.117048 0.234375 0.185407 0.218750 0.185407
0 0.220958 0.171391 0.235350 0.177476 0.208729 0.240439 0.194338 0.234354
0 0.142578 0.300642 0.156250 0.300642 0.156250 0.408064 0.142578 0.408064
0 0.166016 0.458845 0.151951 0.463196 0.136776 0.414141 0.150841 0.409790
0 0.136889 0.462762 0.156250 0.464704 0.146169 0.565174 0.126809 0.563231
0 0.164063 0.597517 0.146698 0.602888 0.134817 0.564480 0.152182 0.559109
0 0.141642 0.600692 0.154457 0.601978 0.148437 0.661970 0.135623 0.660684
0 0.166016 0.695173 0.146501 0.699129 0.140185 0.667971 0.159700 0.664015
0 0.166337 0.822919 0.147678 0.828691 0.118819 0.735396 0.137478 0.729624
0 0.474609 0.865095 0.601562 0.865095 0.601562 0.880720 0.474609 0.880720
0 0.483302 0.870216 0.469694 0.884227 0.434667 0.850208 0.448275 0.836197
0 0.695313 0.857282 0.765501 0.878994 0.760481 0.895223 0.690292 0.873511
0 0.609375 0.865095 0.681641 0.865095 0.681641 0.878767 0.609375 0.878767
0 0.441406 0.792829 0.308671 0.816983 0.305928 0.801907 0.438663 0.777753
0 0.304744 0.802003 0.295247 0.816795 0.255803 0.791468 0.265300 0.776676
0 0.805980 0.196174 0.789337 0.196341 0.788311 0.093755 0.804954 0.093589