0 0.317622 0.524817 0.333247 0.524817 0.333247 0.622473 0.317622 0.622473
0 0.331982 0.468811 0.348872 0.474036 0.331485 0.530243 0.314595 0.525019
0 0.067622 0.651770 0.004398 0.671328 0.000077 0.657362 0.063302 0.637804
0 0.042231 0.624426 0.179300 0.638179 0.177814 0.652987 0.040746 0.639234
0 0.183787 0.633162 0.244032 0.639206 0.242472 0.654753 0.182228 0.648709
0 0.235591 0.645911 0.276606 0.645911 0.276606 0.657629 0.235591 0.657629
0 0.389185 0.626562 0.273894 0.649932 0.270690 0.634125 0.385981 0.610754
0 0.332179 0.632078 0.349613 0.637470 0.331294 0.696692 0.313860 0.691299
0 0.350167 0.726452 0.335240 0.731070 0.320233 0.682557 0.335160 0.677939
0 0.335200 0.731848 0.350825 0.731848 0.350825 0.802161 0.335200 0.802161
0 0.335149 0.796476 0.353418 0.800179 0.335200 0.890051 0.316931 0.886348
0 0.464813 0.626830 0.396795 0.633654 0.395040 0.616164 0.463058 0.609339