0 0.143644 0.300648 0.159069 0.305420 0.115234 0.447126 0.099809 0.442355
0 0.116243 0.450833 0.132013 0.459448 0.091797 0.533064 0.076027 0.524448
0 0.081475 0.523696 0.098463 0.532977 0.066406 0.591657 0.049418 0.582376
0 0.056641 0.593611 0.072266 0.593611 0.072266 0.642439 0.056641 0.642439
0 0.060547 0.718610 0.045594 0.720870 0.036332 0.659590 0.051285 0.657330
0 0.443359 0.076032 0.642372 0.116374 0.638672 0.134626 0.439660 0.094284
0 0.492746 0.044895 0.505030 0.050089 0.488281 0.089704 0.475997 0.084510
0 0.500000 0.000000 0.517578 0.000000 0.517578 0.050642 0.500000 0.050642
0 0.365234 0.152204 0.275684 0.179905 0.271618 0.166761 0.361168 0.139060
0 0.365234 0.136579 0.414062 0.136579 0.414062 0.154157 0.365234 0.154157
0 0.212934 0.155369 0.270776 0.173262 0.265582 0.190055 0.207739 0.172162