0 0.002277 0.471824 0.283292 0.480257 0.282780 0.497290 0.001765 0.488857
0 0.308682 0.454866 0.317587 0.466087 0.278950 0.496747 0.270046 0.485526
0 0.538800 0.431772 0.389987 0.446703 0.388672 0.433594 0.537485 0.418663
0 0.310635 0.474397 0.375088 0.474397 0.375088 0.486116 0.310635 0.486116
0 0.384766 0.439453 0.396561 0.444440 0.383354 0.475677 0.371559 0.470690
0 0.542969 0.382813 0.555011 0.387904 0.538057 0.428003 0.526015 0.422912
0 0.597656 0.378906 0.549548 0.388658 0.547609 0.379091 0.595717 0.369339
0 0.633659 0.280426 0.642709 0.284252 0.603516 0.376953 0.594466 0.373127
0 0.644620 0.009554 0.654362 0.009554 0.654362 0.066406 0.644620 0.066406
0 0.626953 0.144319 0.638672 0.144319 0.638672 0.271484 0.626953 0.271484
0 0.915673 0.417127 0.900479 0.427522 0.820274 0.310287 0.835468 0.299892
0 0.898526 0.415804 0.914151 0.415804 0.914151 0.491975 0.898526 0.491975
0 0.998047 0.561789 0.986763 0.569509 0.932725 0.490521 0.944009 0.482802
0 0.900479 0.490022 0.943448 0.490022 0.943448 0.505647 0.900479 0.505647
0 0.761807 0.222444 0.775479 0.222444 0.775479 0.329866 0.761807 0.329866
0 0.650391 0.269531 0.724698 0.269531 0.724698 0.279085 0.650391 0.279085
0 0.752719 0.199720 0.765713 0.206819 0.726974 0.277730 0.713980 0.270631
0 0.808682 0.167757 0.818990 0.176439 0.773868 0.230010 0.763560 0.221328
0 0.896663 0.200915 0.836002 0.226563 0.831982 0.217053 0.892643 0.191406
0 0.992232 0.118643 1.000000 0.132412 0.943491 0.179761 0.932565 0.165992
0 0.928387 0.160563 0.943287 0.166863 0.923916 0.212679 0.909016 0.206379
0 0.912619 0.213834 0.920907 0.219504 0.890690 0.263672 0.882402 0.258002
0 0.650455 0.070312 0.660221 0.070312 0.660221 0.107422 0.650455 0.107422
0 0.648437 0.101562 0.655987 0.105687 0.634766 0.144531 0.627217 0.140407