0 0.380859 0.001814 0.398895 0.002355 0.386424 0.417942 0.368388 0.417401
0 0.170993 0.775214 0.100102 0.789584 0.096819 0.773389 0.167710 0.759018
0 0.020161 0.747559 0.102271 0.764204 0.097656 0.786970 0.015546 0.770325
0 0.175781 0.767439 0.302734 0.767439 0.302734 0.783064 0.175781 0.783064
0 0.309487 0.771164 0.345703 0.808454 0.336021 0.817858 0.299804 0.780568
0 0.337891 0.818220 0.396484 0.818220 0.396484 0.833845 0.337891 0.833845
0 0.471987 0.783740 0.400173 0.832871 0.393029 0.822429 0.464844 0.773298
0 0.374639 0.767553 0.427774 0.796581 0.420283 0.810293 0.367148 0.781265
0 0.471976 0.767398 0.629389 0.783192 0.627634 0.800682 0.470221 0.784888
0 0.599883 0.743190 0.570916 0.788305 0.556970 0.779350 0.585938 0.734236
0 0.598109 0.731756 0.775621 0.740639 0.774938 0.754294 0.597426 0.745410
0 0.750171 0.776952 0.633405 0.800622 0.630689 0.787222 0.747454 0.763553
0 0.633895 0.798541 0.793251 0.814530 0.791886 0.828133 0.632530 0.812144
0 0.886719 0.779157 0.785178 0.822088 0.779189 0.807922 0.880730 0.764992
0 0.785767 0.741887 0.866163 0.758184 0.862671 0.775412 0.782275 0.759115
0 0.914062 0.785017 0.998047 0.785017 0.998047 0.802595 0.914062 0.802595
0 0.392578 0.919782 0.404297 0.919782 0.404297 0.997907 0.392578 0.997907
0 0.648852 0.233865 0.662455 0.235230 0.649976 0.359606 0.636373 0.358241
0 0.661484 0.424793 0.647880 0.426158 0.641251 0.360084 0.654854 0.358719
0 0.664904 0.225599 0.653244 0.226769 0.643690 0.131544 0.655350 0.130374