0 0.825480 0.924984 0.838879 0.927701 0.824911 0.996612 0.811511 0.993895
0 0.830078 0.874861 0.843750 0.874861 0.843750 0.931501 0.830078 0.931501
0 0.830403 0.792259 0.845950 0.793819 0.837566 0.877384 0.822019 0.875824
0 0.804688 0.751814 0.816406 0.751814 0.816406 0.824079 0.804688 0.824079
0 0.824219 0.749861 0.876953 0.749861 0.876953 0.763532 0.824219 0.763532
0 0.812451 0.691996 0.828125 0.695173 0.816088 0.754555 0.800413 0.751378
0 0.804688 0.624861 0.820312 0.624861 0.820312 0.689314 0.804688 0.689314
0 0.824219 0.628767 0.805592 0.634529 0.791761 0.589818 0.810388 0.584056
0 0.807921 0.514954 0.822266 0.519392 0.799890 0.591726 0.785546 0.587288
0 0.856989 0.406832 0.869141 0.411970 0.823348 0.520279 0.811197 0.515142
0 0.874972 0.415504 0.857425 0.422923 0.826203 0.349076 0.843750 0.341657
0 0.839844 0.302595 0.855469 0.302595 0.855469 0.345564 0.839844 0.345564
0 0.846388 0.306089 0.830940 0.310868 0.791192 0.182374 0.806641 0.177595