0 0.625000 0.099470 0.606736 0.105119 0.576005 0.005772 0.594268 0.000122
0 0.597656 0.109236 0.615234 0.109236 0.615234 0.173689 0.597656 0.173689
0 0.660156 0.265486 0.643680 0.272452 0.602851 0.175882 0.619327 0.168916
0 0.641396 0.265985 0.656202 0.268986 0.607422 0.509626 0.592616 0.506625
0 0.638672 0.579939 0.623309 0.586434 0.590500 0.508834 0.605863 0.502338
0 0.615234 0.579939 0.630859 0.579939 0.630859 0.689314 0.615234 0.689314
0 0.625707 0.691374 0.645434 0.697476 0.625000 0.763532 0.605274 0.757430
0 0.658203 0.839704 0.640740 0.845106 0.615158 0.762407 0.632621 0.757005
0 0.635435 0.829542 0.650006 0.839510 0.619141 0.884626 0.604570 0.874658
0 0.622224 0.882976 0.638672 0.884626 0.627247 0.998498 0.610798 0.996848
0 0.906175 0.708434 0.920439 0.714465 0.869141 0.835798 0.854877 0.829767
0 0.840376 0.687976 0.913116 0.702721 0.909624 0.719948 0.836884 0.705203
0 0.980260 0.654727 0.990885 0.675604 0.914062 0.714704 0.903437 0.693827