0 0.378516 0.662305 0.380273 0.646094 0.574023 0.667383 0.572266 0.683594
0 0.565625 0.692773 0.572656 0.678906 0.644531 0.715234 0.637305 0.729102
0 0.640234 0.738281 0.643359 0.723047 0.769531 0.748437 0.766406 0.763867
0 0.772852 0.758594 0.775781 0.739258 0.943164 0.764648 0.940234 0.783984
0 0.941406 0.763086 0.995898 0.757617 0.997656 0.775 0.943164 0.780469
0 0.944531 0.102344 0.964648 0.0982422 0.974609 0.146875 0.954297 0.150977
0 0.952148 0.156836 0.967187 0.152148 0.989062 0.223047 0.974219 0.227734
0 0.960938 0.0414062 0.97793 0.0380859 0.986133 0.0785156 0.969141 0.0820312
0 0.971094 0.00878906 0.988281 0.0160156 0.975977 0.0449219 0.958984 0.0375
0 0.891797 0.206836 0.907031 0.209961 0.889258 0.298047 0.874023 0.294922
0 0.89043 0.105273 0.907813 0.107031 0.900391 0.180859 0.883008 0.179102
