0 0.828711 0.00234375 0.847266 0.00800781 0.810937 0.125586 0.792188 0.119922
0 0.811133 0.161328 0.829492 0.155859 0.875391 0.309375 0.856836 0.314844
0 0.856836 0.316797 0.87832 0.316797 0.87832 0.488672 0.856836 0.488672
0 0.857227 0.491211 0.878125 0.487109 0.905664 0.623437 0.884961 0.627734
0 0.90332 0.624805 0.930664 0.622656 0.941016 0.751758 0.913672 0.753906
0 0.920898 0.758594 0.948047 0.750391 0.999414 0.916406 0.972461 0.924805
0 0.780664 0.143164 0.79043 0.160938 0.579492 0.276172 0.569727 0.258203
0 0.152539 0.491211 0.161523 0.508203 0.0140625 0.587109 0.00488281 0.569922
0 0.278516 0.360352 0.291016 0.375195 0.152148 0.492188 0.139453 0.477344
0 0.460352 0.260156 0.471484 0.27793 0.303516 0.383203 0.292383 0.365625
0 0.463672 0.264258 0.57793 0.25625 0.579492 0.27832 0.465234 0.286328
