0 0.644765 0.489653 0.982510 0.499788 0.982173 0.511033 0.644427 0.500898
0 0.658504 0.392084 0.674981 0.393737 0.666104 0.482210 0.649627 0.480557
0 0.681856 0.396781 0.665642 0.410438 0.632311 0.370867 0.648526 0.357210
0 0.718838 0.355257 0.708271 0.361029 0.680319 0.309864 0.690887 0.304091
0 0.704514 0.361475 0.718406 0.364292 0.703213 0.439241 0.689321 0.436425
0 0.732666 0.479945 0.720791 0.488069 0.686809 0.438396 0.698684 0.430272
0 0.834073 0.646272 0.815594 0.648313 0.799497 0.502566 0.817976 0.500525
0 0.820628 0.653510 0.836175 0.655070 0.827986 0.736691 0.812439 0.735131
0 0.635250 0.746483 0.740323 0.751741 0.739598 0.766218 0.634526 0.760960
0 0.810635 0.753694 0.731033 0.778318 0.724285 0.756504 0.803888 0.731880
0 0.783291 0.837679 0.771770 0.843973 0.734780 0.776262 0.746301 0.769968
0 0.787949 0.764936 0.806569 0.770696 0.785245 0.839632 0.766624 0.833872
0 0.757901 0.835725 0.779385 0.835725 0.779385 0.929475 0.757901 0.929475