0 0.892175 0.000000 0.909337 0.007256 0.890625 0.051515 0.873463 0.044259
0 0.871349 0.043821 0.884667 0.055039 0.855469 0.089704 0.842151 0.078486
0 0.875000 0.130720 0.851894 0.137867 0.835196 0.083888 0.858302 0.076740
0 0.857338 0.129928 0.879148 0.134349 0.865234 0.202985 0.843425 0.198564
0 0.852911 0.197807 0.872570 0.203888 0.853516 0.265485 0.833857 0.259404
0 0.847036 0.266005 0.866178 0.269885 0.856089 0.319654 0.836947 0.315774
0 0.884766 0.369001 0.868348 0.377970 0.835357 0.317579 0.851774 0.308611
0 0.933594 0.195173 0.953125 0.195173 0.953125 0.277204 0.933594 0.277204
0 0.937421 0.261023 0.949351 0.271071 0.927734 0.296735 0.915805 0.286687
0 0.957031 0.324079 0.936627 0.332706 0.919050 0.291132 0.939454 0.282505
0 0.942787 0.321651 0.953340 0.338086 0.889244 0.379242 0.878691 0.362807
0 0.862472 0.381717 0.878663 0.388563 0.854324 0.446129 0.838134 0.439284
0 0.826899 0.434521 0.842391 0.441071 0.806508 0.525942 0.791016 0.519392
0 0.853834 0.572442 0.840773 0.576482 0.819994 0.509310 0.833055 0.505270
0 0.823240 0.587870 0.808849 0.593955 0.782228 0.530992 0.796620 0.524907
0 0.815152 0.582935 0.830465 0.586039 0.817661 0.649208 0.802347 0.646104
0 0.866728 0.600911 0.880331 0.602276 0.873507 0.670294 0.859903 0.668929
0 0.878604 0.607234 0.866606 0.613789 0.846005 0.576080 0.858004 0.569526
0 0.921875 0.744001 0.906382 0.750551 0.872781 0.671077 0.888274 0.664527
0 0.907223 0.745216 0.922150 0.749833 0.901371 0.817005 0.886444 0.812388
0 0.839844 0.849470 0.849012 0.858910 0.775953 0.929865 0.766785 0.920425
0 0.863665 0.791719 0.879856 0.798565 0.857038 0.852533 0.840848 0.845688
0 0.867188 0.818220 0.884766 0.818220 0.884766 0.872907 0.867188 0.872907
0 0.817389 0.981408 0.803677 0.988899 0.780267 0.946048 0.793980 0.938557
0 0.787254 0.651208 0.707021 0.676027 0.702980 0.662966 0.783214 0.638147