0 0.953173 0.129761 0.968897 0.136409 0.898122 0.303805 0.882398 0.297157
0 0.890310 0.307712 0.905935 0.307712 0.905935 0.352634 0.890310 0.352634
0 0.887109 0.342946 0.901617 0.352871 0.856401 0.418962 0.841894 0.409037
0 0.880544 0.442477 0.898122 0.442477 0.898122 0.569430 0.880544 0.569430
0 0.964368 0.018055 0.981858 0.019810 0.970549 0.132525 0.953059 0.130770
0 0.374685 0.760837 0.307594 0.789202 0.302615 0.777426 0.369706 0.749060
0 0.486936 0.757179 0.402971 0.783153 0.397199 0.764494 0.481164 0.738521
0 0.884450 0.688571 0.867236 0.692060 0.851326 0.613574 0.868540 0.610084
0 0.851558 0.687622 0.866872 0.690727 0.854843 0.750067 0.839529 0.746962
0 0.870285 0.575692 0.887078 0.580887 0.873226 0.625669 0.856433 0.620474
0 0.844896 0.754858 0.858088 0.760436 0.835622 0.813571 0.822431 0.807994
0 0.647982 0.796549 0.519731 0.822547 0.517403 0.811062 0.645654 0.785064
0 0.814138 0.819430 0.831716 0.819430 0.831716 0.917087 0.814138 0.917087
0 0.998047 0.621570 0.990074 0.637236 0.911745 0.597369 0.919718 0.581703
0 0.995439 0.883900 0.875179 0.908277 0.871613 0.890683 0.991872 0.866305
0 0.847341 0.903415 0.868826 0.903415 0.868826 0.952243 0.847341 0.952243