0 0.400479 0.724397 0.380762 0.724594 0.374474 0.095748 0.394191 0.095551
0 0.378995 0.724397 0.392666 0.724397 0.392666 0.874788 0.378995 0.874788
0 0.397736 0.995605 0.381190 0.996268 0.376120 0.869591 0.392667 0.868929
0 0.125088 0.644319 0.138760 0.644319 0.138760 0.728304 0.125088 0.728304
0 0.140858 0.717161 0.213597 0.731906 0.210881 0.745305 0.138142 0.730560
0 0.277432 0.734163 0.345791 0.734163 0.345791 0.749788 0.277432 0.749788
0 0.343504 0.731418 0.396573 0.747835 0.392132 0.762191 0.339063 0.745775
0 0.212979 0.269319 0.149315 0.304099 0.143284 0.293058 0.206947 0.258279
0 0.140757 0.298672 0.153786 0.302702 0.138029 0.353640 0.125000 0.349609
0 0.330333 0.169657 0.304211 0.177738 0.302479 0.172140 0.328602 0.164059
0 0.328125 0.111328 0.337891 0.111328 0.337891 0.169922 0.328125 0.169922
0 0.351563 0.193359 0.340787 0.199246 0.323346 0.167320 0.334121 0.161433
0 0.146533 0.301261 0.137570 0.308810 0.107373 0.272958 0.116336 0.265409
0 0.067308 0.318245 0.076477 0.325967 0.042435 0.366383 0.033267 0.358660
0 0.067875 0.416823 0.060547 0.419922 0.035678 0.361102 0.043006 0.358003
0 0.342671 0.343763 0.345703 0.351562 0.288344 0.373862 0.285312 0.366063
0 0.339844 0.367188 0.376953 0.367188 0.376953 0.376953 0.339844 0.376953