0 0.294306 0.178997 0.302776 0.183624 0.277241 0.230366 0.268770 0.225738
0 0.297054 0.180144 0.290259 0.184792 0.273335 0.160054 0.280129 0.155405
0 0.275497 0.131359 0.288960 0.132710 0.286143 0.160785 0.272680 0.159434
0 0.286858 0.133075 0.278890 0.139787 0.249897 0.105366 0.257866 0.098654
0 0.304585 0.173725 0.337788 0.173725 0.337788 0.187397 0.304585 0.187397
0 0.280817 0.262804 0.267214 0.264169 0.263899 0.231131 0.277503 0.229767
0 0.267027 0.261525 0.276094 0.262435 0.271681 0.306418 0.262614 0.305508
0 0.263569 0.423725 0.273335 0.423725 0.273335 0.462788 0.263569 0.462788
0 0.274534 0.456594 0.314350 0.490132 0.308399 0.497197 0.268583 0.463660
0 0.322163 0.525288 0.310826 0.528795 0.299115 0.490938 0.310452 0.487431
0 0.309591 0.530082 0.322001 0.532597 0.312397 0.579975 0.299987 0.577460
0 0.295325 0.675691 0.283840 0.678020 0.270647 0.612937 0.282132 0.610609
0 0.296875 0.359236 0.310547 0.359236 0.310547 0.408064 0.296875 0.408064
0 0.343750 0.451032 0.331737 0.459251 0.300418 0.413473 0.312431 0.405254
0 0.348995 0.742800 0.335934 0.746840 0.320927 0.698327 0.333988 0.694287
0 0.335583 0.742955 0.350823 0.751281 0.328125 0.792829 0.312885 0.784503
0 0.324219 0.802595 0.341797 0.802595 0.341797 0.869001 0.324219 0.869001