0 0.000000 0.564314 0.030692 0.564314 0.030692 0.583845 0.000000 0.583845
0 0.122949 0.571264 0.031520 0.599547 0.026326 0.582754 0.117754 0.554471
0 0.124442 0.558454 0.175223 0.558454 0.175223 0.574079 0.124442 0.574079
0 0.241023 0.605443 0.230470 0.621878 0.168017 0.581778 0.178570 0.565343
0 0.235770 0.603376 0.337333 0.603376 0.337333 0.619001 0.235770 0.619001
0 0.340167 0.600512 0.431525 0.619031 0.427176 0.640486 0.335818 0.621966
0 0.434989 0.624861 0.548270 0.624861 0.548270 0.644392 0.434989 0.644392
0 0.581118 0.573225 0.600241 0.586307 0.565848 0.636579 0.546725 0.623496
0 0.586798 0.567213 0.685910 0.577157 0.683570 0.600477 0.584458 0.590533
0 0.680732 0.583562 0.839610 0.615768 0.835730 0.634910 0.676852 0.602703
0 0.847649 0.613233 0.998047 0.643721 0.992764 0.669782 0.842366 0.639295