0 0.785240 0.105087 0.959636 0.160951 0.950969 0.188009 0.776572 0.132145
0 0.657722 0.074269 0.781439 0.109845 0.773484 0.137509 0.649767 0.101934
0 0.589237 0.001683 0.616565 0.010137 0.592291 0.088607 0.564963 0.080154
0 0.035800 0.378116 0.065783 0.385137 0.031975 0.529526 0.001992 0.522506
0 0.048205 0.375371 0.035906 0.380571 0.001438 0.299046 0.013737 0.293846
0 0.022121 0.227549 0.036486 0.232793 0.015546 0.290159 0.001181 0.284916
0 0.119898 0.212425 0.050158 0.260137 0.039229 0.244162 0.108970 0.196450
0 0.186877 0.164434 0.114566 0.203004 0.105431 0.185878 0.177742 0.147308
0 0.282580 0.088262 0.172049 0.148645 0.162482 0.131134 0.273014 0.070750
0 0.379807 0.035204 0.289482 0.096999 0.272814 0.072637 0.363140 0.010841
0 0.547181 0.081694 0.345230 0.126854 0.339221 0.099980 0.541171 0.054820