0 0.533061 0.008384 0.888245 0.022598 0.887698 0.036259 0.532514 0.022044
0 0.731864 0.025251 0.747489 0.025251 0.747489 0.107282 0.731864 0.107282
0 0.732769 0.093055 0.745364 0.098380 0.698661 0.208845 0.686066 0.203520
0 0.686431 0.204495 0.699831 0.207212 0.681593 0.297179 0.668194 0.294463
0 0.692801 0.437361 0.672870 0.439360 0.659062 0.301744 0.678994 0.299744
0 0.578020 0.017092 0.589505 0.019420 0.573208 0.099816 0.561723 0.097488
0 0.577045 0.106826 0.540458 0.126814 0.531934 0.111211 0.568521 0.091223
0 0.580518 0.440926 0.592178 0.442096 0.582429 0.539264 0.570768 0.538094
0 0.595133 0.594721 0.584339 0.599285 0.560001 0.541719 0.570795 0.537155
0 0.577651 0.596937 0.591051 0.599654 0.575530 0.676221 0.562130 0.673505
0 0.736513 0.518573 0.722909 0.519938 0.717449 0.465523 0.731053 0.464158
0 0.729911 0.529157 0.743583 0.529157 0.743583 0.607282 0.729911 0.607282
0 0.731864 0.607282 0.747087 0.615599 0.714286 0.675642 0.699062 0.667325
0 0.579818 0.676841 0.595131 0.679945 0.579222 0.758427 0.563909 0.755323
0 0.591239 0.788923 0.576297 0.795240 0.560864 0.758736 0.575805 0.752419
0 0.722248 0.772313 0.706701 0.773873 0.698511 0.692252 0.714058 0.690692
0 0.753711 0.869614 0.737520 0.876459 0.700252 0.788311 0.716442 0.781465
0 0.741124 0.878268 0.755516 0.884353 0.730416 0.943718 0.716025 0.937634