0 -0 0.517969 0.00507813 0.501367 0.0714844 0.521875 0.0664062 0.538477
0 0.0707031 0.519336 0.102734 0.516016 0.104492 0.533984 0.0724609 0.537109
0 0.0966797 0.534375 0.106445 0.519922 0.14375 0.545312 0.133984 0.559766
0 0.260937 0.510156 0.26543 0.525195 0.147461 0.561719 0.142773 0.54668
0 0.259375 0.53125 0.262109 0.518164 0.326367 0.53125 0.323633 0.544141
0 0.274609 0.500391 0.310742 0.500391 0.310742 0.519531 0.274609 0.519531
0 0.353125 0.543164 0.364453 0.529687 0.411523 0.569531 0.400195 0.583008
0 0.305078 0.522266 0.310742 0.511914 0.355273 0.536328 0.349609 0.54668
0 0.410352 0.59375 0.416406 0.579297 0.487695 0.609375 0.481445 0.623828
0 0.48457 0.605469 0.509961 0.591602 0.519727 0.609375 0.494336 0.623242
0 0.511133 0.608008 0.515234 0.594922 0.574414 0.613281 0.570312 0.626367
0 0.580273 0.605469 0.611523 0.605469 0.611523 0.621094 0.580273 0.621094
0 0.613086 0.626563 0.616992 0.607031 0.744336 0.632812 0.740234 0.652344
0 0.806641 0.595703 0.814648 0.611328 0.744531 0.646875 0.736523 0.63125
0 0.815039 0.594922 0.840039 0.595703 0.839453 0.613477 0.814453 0.612695
0 0.838281 0.613867 0.847656 0.597461 0.998242 0.683594 0.988867 0.7
