0 0.00859375 0.556836 0.0324219 0.566797 0.0248047 0.584766 0.00117187 0.574609
0 0.015625 0.585938 0.0324219 0.582422 0.0474609 0.656836 0.0306641 0.660156
0 0.1125 0.63125 0.116797 0.645508 0.0482422 0.666602 0.0439453 0.652539
0 0.130078 0.637109 0.166406 0.625977 0.171484 0.642188 0.135156 0.653516
0 0.174609 0.636133 0.260937 0.627344 0.262109 0.640039 0.175781 0.648633
0 0.263281 0.641016 0.276172 0.627734 0.298047 0.648828 0.285156 0.662109
0 0.294141 0.648828 0.403516 0.648828 0.403516 0.666406 0.294141 0.666406
0 0.401562 0.639062 0.485547 0.639062 0.485547 0.658594 0.401562 0.658594
0 0.496289 0.642188 0.544141 0.646875 0.542383 0.664062 0.494727 0.659375
0 0.616406 0.623437 0.621875 0.641211 0.545312 0.664844 0.539844 0.647266
0 0.613867 0.642773 0.617969 0.629297 0.700391 0.654687 0.696289 0.668164
0 0.696484 0.656641 0.723437 0.641992 0.731641 0.656641 0.704492 0.671484
0 0.725781 0.644922 0.798047 0.644922 0.798047 0.660547 0.725781 0.660547
0 0.889258 0.624414 0.892383 0.639648 0.802344 0.657813 0.799414 0.642578
0 0.897656 0.627344 0.9875 0.627344 0.9875 0.644922 0.897656 0.644922
