0 0.0111328 0.129688 0.175586 0.113086 0.177734 0.133203 0.0130859 0.149805
0 0.203906 0.103711 0.285156 0.111719 0.283789 0.124805 0.202539 0.116602
0 0.382812 0.10293 0.386719 0.121484 0.292383 0.140625 0.288672 0.12207
0 0.278516 0.137891 0.294922 0.141016 0.285938 0.185156 0.269727 0.181836
0 0.27832 0.179883 0.301367 0.18457 0.279297 0.293359 0.25625 0.288867
0 0.242969 0.294531 0.264258 0.29668 0.258789 0.350977 0.2375 0.348828
0 0.228906 0.34043 0.251953 0.350391 0.151758 0.580664 0.128906 0.570703
0 0.125391 0.579883 0.145703 0.573633 0.175781 0.670312 0.155273 0.676758
0 0.156445 0.683984 0.171484 0.679297 0.191016 0.742773 0.176172 0.747461
0 0.17168 0.749609 0.188867 0.758984 0.128906 0.868555 0.111719 0.85918
0 0.114453 0.861914 0.131445 0.867188 0.111328 0.932031 0.0943359 0.926953
0 0.0955078 0.933984 0.111719 0.930859 0.121094 0.978906 0.104883 0.982031
