0 0.393359 0.763672 0.399219 0.744922 0.474805 0.768359 0.469141 0.787109
0 0.56582 0.749414 0.568945 0.764648 0.478906 0.782813 0.475781 0.767578
0 0.573047 0.75293 0.646484 0.760156 0.644727 0.776367 0.571484 0.768945
0 0.744141 0.695703 0.828125 0.695703 0.828125 0.711328 0.744141 0.711328
0 0.771875 0.64668 0.818555 0.632422 0.823633 0.649023 0.776953 0.663477
0 0.845703 0.6625 0.857812 0.672266 0.830859 0.70625 0.81875 0.696484
0 0.83125 0.642578 0.855469 0.652734 0.850195 0.665234 0.825977 0.655078
0 0.854102 0.653125 0.882812 0.641016 0.888281 0.654492 0.859766 0.666602
0 0.822266 0.549219 0.838867 0.540234 0.892773 0.638867 0.876172 0.648047
0 0.894141 0.636719 0.954688 0.636719 0.954688 0.648438 0.894141 0.648438
0 0.959766 0.630664 0.999609 0.638672 0.99668 0.652734 0.957031 0.644727
