0 0.225391 0.605078 0.227344 0.586328 0.442383 0.607812 0.44043 0.626563
0 0.442578 0.62207 0.450195 0.603906 0.555469 0.648438 0.547852 0.666406
0 0.560742 0.639258 0.593945 0.639258 0.593945 0.656445 0.560742 0.656445
0 0.588281 0.657617 0.595117 0.641406 0.648438 0.663867 0.641602 0.680078
0 0.659375 0.653906 0.731445 0.668359 0.72832 0.68418 0.656055 0.669531
0 0.741992 0.655469 0.823828 0.661914 0.822461 0.679492 0.740625 0.673047
0 0.822461 0.673633 0.838281 0.661133 0.864258 0.69375 0.848437 0.706445
0 0.858984 0.694531 0.901367 0.685937 0.905078 0.704102 0.862695 0.712695
0 0.913477 0.688672 0.944336 0.701562 0.936719 0.719727 0.905859 0.706641
0 0.988281 0.681641 0.995313 0.694531 0.951172 0.71875 0.944141 0.705859
0 0.196484 0.500195 0.209961 0.497656 0.227344 0.587695 0.213867 0.590234
0 0.139258 0.469922 0.148438 0.457031 0.201172 0.493945 0.192188 0.506836
0 0.134766 0.416016 0.150391 0.416016 0.150391 0.462891 0.134766 0.462891
0 0.0931641 0.386523 0.103516 0.375 0.145117 0.412305 0.134766 0.423828
0 0.114844 0.839453 0.124609 0.84043 0.117578 0.910547 0.107813 0.90957
0 0.16543 0.780273 0.175 0.786719 0.135352 0.844727 0.125586 0.838281
0 0.179688 0.724609 0.191602 0.72832 0.174609 0.783398 0.162695 0.779687
0 0.192578 0.650195 0.202148 0.652148 0.188281 0.720898 0.178711 0.718945
0 0.210938 0.601562 0.225 0.607617 0.206445 0.651758 0.192188 0.645703
