0 0.37793 0.00234375 0.397852 0.00078125 0.442383 0.557031 0.422461 0.558789
0 0.157227 0.703516 0.163867 0.719922 0.00761719 0.78418 0.00078125 0.767773
0 0.350391 0.611719 0.360352 0.63125 0.169922 0.728125 0.159961 0.708398
0 0.425391 0.553125 0.438672 0.569922 0.363672 0.629492 0.350391 0.612695
0 0.432617 0.560937 0.56543 0.560937 0.56543 0.578516 0.432617 0.578516
0 0.6125 0.514844 0.62207 0.529687 0.571094 0.562305 0.561523 0.547461
0 0.613867 0.531445 0.615625 0.514648 0.786133 0.531641 0.784375 0.548633
0 0.78418 0.529687 0.87793 0.529687 0.87793 0.549219 0.78418 0.549219
0 0.991211 0.50625 0.994727 0.522266 0.881055 0.547656 0.877539 0.531836
0 0.424414 0.60625 0.445898 0.605664 0.450586 0.761914 0.429102 0.7625
0 0.430273 0.765039 0.445898 0.768359 0.436523 0.814844 0.420703 0.811719
0 0.45293 0.901367 0.463867 0.906055 0.435547 0.972656 0.424805 0.967969
0 0.454102 0.832422 0.469727 0.832422 0.469727 0.904687 0.454102 0.904687
0 0.824609 0.578516 0.841797 0.563867 0.99668 0.747656 0.979492 0.762109
0 0.918945 0.910547 0.938477 0.910547 0.938477 0.994531 0.918945 0.994531
0 0.955273 0.835352 0.970703 0.84375 0.931445 0.915625 0.916016 0.907227
0 0.981641 0.804883 0.998047 0.816016 0.975195 0.849609 0.958789 0.838281
0 0.986328 0.760156 0.998047 0.760156 0.998047 0.810547 0.986328 0.810547
0 0.906836 0.0578125 0.93125 0.0445313 0.991602 0.154883 0.967187 0.168359
0 0.828906 0.217188 0.929883 0.227344 0.928125 0.244727 0.827148 0.23457
0 0.776953 0.241797 0.831641 0.241797 0.831641 0.259375 0.776953 0.259375
0 0.931836 0.227344 0.980078 0.2125 0.984961 0.228125 0.936719 0.242969
0 0.938477 0.396094 0.956641 0.374609 0.999805 0.410938 0.981641 0.432422
