0 0.149609 0.644922 0.155664 0.664453 0.00625 0.710742 0.000195313 0.691211
0 0.158203 0.645508 0.184766 0.656641 0.177344 0.674023 0.150977 0.662891
0 0.307812 0.629297 0.311133 0.645508 0.185938 0.670898 0.182617 0.654687
0 0.313281 0.634375 0.382031 0.627344 0.383594 0.642578 0.314844 0.649609
0 0.571484 0.588281 0.574609 0.601562 0.421094 0.639062 0.417969 0.625977
0 0.383984 0.627344 0.408398 0.617188 0.415234 0.633203 0.39082 0.643555
0 0.571289 0.589648 0.606641 0.574609 0.613672 0.591211 0.578125 0.60625
0 0.760938 0.555078 0.764648 0.573438 0.619531 0.602734 0.61582 0.58457
0 0.754297 0.555078 0.828125 0.547656 0.830078 0.566992 0.75625 0.574414
0 0.828906 0.552344 0.872266 0.560937 0.869531 0.574219 0.826367 0.56543
0 0.921094 0.525781 0.930273 0.538867 0.878711 0.575781 0.869336 0.562695
0 0.928906 0.523828 0.964063 0.527539 0.962109 0.547266 0.926953 0.54375
0 0.962695 0.520703 0.995313 0.514062 0.999219 0.533594 0.966602 0.540234
