0 0.0046875 0.469141 0.0722656 0.482812 0.0681641 0.503125 0.000585937 0.489453
0 0.0810547 0.469727 0.149219 0.476562 0.147266 0.496094 0.0791016 0.489258
0 0.154297 0.478906 0.196094 0.4875 0.192773 0.503906 0.150781 0.495508
0 0.191406 0.500391 0.229102 0.492773 0.232422 0.508203 0.194531 0.516016
0 0.233984 0.519727 0.330273 0.529297 0.329102 0.541016 0.232813 0.531445
0 0.333008 0.520703 0.406445 0.505859 0.409766 0.52207 0.336328 0.536914
0 0.412305 0.515625 0.444727 0.522266 0.441992 0.535937 0.40957 0.529492
0 0.446289 0.549609 0.454688 0.53418 0.509961 0.564453 0.501563 0.579883
0 0.503711 0.59082 0.508594 0.575 0.575391 0.595703 0.570508 0.611328
0 0.58125 0.622852 0.586328 0.611133 0.628125 0.628906 0.623242 0.640625
0 0.632227 0.621094 0.682031 0.63125 0.678906 0.646484 0.629102 0.636328
0 0.688672 0.645703 0.750195 0.645703 0.750195 0.662305 0.688672 0.662305
0 0.755469 0.650391 0.835547 0.650391 0.835547 0.664062 0.755469 0.664062
0 0.834375 0.658398 0.842383 0.643555 0.890625 0.669922 0.882422 0.684766
0 0.892578 0.666016 0.998828 0.676562 0.996875 0.694336 0.89082 0.683594
