0 0.35293 0.757617 0.37207 0.761133 0.329102 0.997461 0.309961 0.993945
0 0.345898 0.74082 0.364453 0.732812 0.375195 0.758203 0.356641 0.766016
0 0.361523 0.692773 0.378125 0.699609 0.361523 0.738672 0.344922 0.731641
0 0.344922 0.666406 0.365234 0.657813 0.381445 0.695898 0.360938 0.704492
0 0.339258 0.625781 0.353125 0.622852 0.361719 0.665039 0.347852 0.667969
0 0.383984 0.482422 0.403711 0.488867 0.35918 0.623633 0.339453 0.616992
0 0.386914 0.384766 0.402539 0.384766 0.402539 0.484375 0.386914 0.484375
0 0.397852 0.349414 0.412305 0.355469 0.397266 0.39082 0.383008 0.384766
0 0.384961 0.257812 0.398242 0.256445 0.407617 0.348633 0.394141 0.35
0 0.42207 0.210938 0.433594 0.21875 0.404492 0.261133 0.392969 0.25332
0 0.525195 0.151758 0.531836 0.163867 0.433984 0.217188 0.427539 0.205273
