0 0.473828 0.928125 0.489844 0.926562 0.496875 0.998047 0.481055 0.999609
0 0.447656 0.841211 0.469922 0.836328 0.489453 0.92832 0.467187 0.933008
0 0.462695 0.79668 0.483594 0.803125 0.470703 0.844531 0.45 0.838086
0 0.460156 0.746484 0.479687 0.746484 0.479687 0.795312 0.460156 0.795312
0 0.471875 0.683984 0.490234 0.687891 0.478125 0.747266 0.459766 0.743555
0 0.481641 0.654687 0.497656 0.661523 0.487305 0.686133 0.471094 0.679492
0 0.474219 0.609766 0.493359 0.607812 0.497852 0.653516 0.478906 0.655469
0 0.4875 0.557031 0.507031 0.560937 0.496875 0.610938 0.477344 0.607031
0 0.47168 0.457617 0.489063 0.454883 0.505273 0.555078 0.487891 0.557813
0 0.491406 0.375391 0.511133 0.379492 0.495508 0.456836 0.475781 0.452734
0 0.532617 0.29375 0.55 0.303125 0.508203 0.379688 0.49082 0.370117
0 0.677539 0.256836 0.692578 0.258203 0.688672 0.296094 0.673828 0.294727
0 0.611719 0.336328 0.626172 0.344141 0.607227 0.378711 0.592773 0.370898
0 0.67207 0.299609 0.680469 0.310352 0.64082 0.341992 0.632227 0.33125
0 0.688867 0.138672 0.702344 0.129297 0.734961 0.177148 0.721484 0.186328
0 0.744531 0.264648 0.754492 0.252148 0.794141 0.283594 0.78418 0.296094
0 0.713281 0.181445 0.731055 0.183203 0.72793 0.215234 0.710156 0.213281
0 0.737891 0.232031 0.753125 0.228906 0.758203 0.254688 0.743164 0.257617
0 0.720898 0.221484 0.729297 0.212891 0.744727 0.227734 0.736328 0.236328
