0 0.0994141 0.884961 0.113281 0.889062 0.0789062 0.999805 0.0650391 0.995508
0 0.112109 0.89375 0.128711 0.89707 0.110156 0.988281 0.09375 0.984766
0 0.361328 0.00273437 0.380859 0.00820313 0.125781 0.895117 0.10625 0.889453
0 0.90625 0.835547 0.926758 0.824414 0.991211 0.942383 0.970703 0.953516
0 0.978516 0.959375 0.997852 0.959375 0.997852 1 0.978516 1
0 0.867578 0.761328 0.883008 0.75293 0.919531 0.819727 0.904102 0.828125
0 0.826367 0.631055 0.843164 0.625781 0.882422 0.752734 0.865625 0.758008
0 0.756641 0.376563 0.776953 0.369141 0.839648 0.54082 0.819336 0.548242
0 0.716797 0.279492 0.731641 0.274609 0.752539 0.337695 0.737695 0.342578
0 0.63418 0.0732422 0.648828 0.0679687 0.698438 0.208008 0.683594 0.213086
0 0.465039 0.084375 0.631055 0.084375 0.631055 0.0960938 0.465039 0.0960938
