0 0.23125 0.612891 0.234375 0.627344 0.00292969 0.674414 0 0.659766
0 0.242188 0.617578 0.306641 0.617578 0.306641 0.633203 0.242188 0.633203
0 0.342969 0.598437 0.349609 0.613672 0.304883 0.632617 0.298242 0.617383
0 0.464453 0.583008 0.46875 0.603906 0.35332 0.627344 0.349219 0.60625
0 0.5625 0.555078 0.568945 0.576562 0.491016 0.600586 0.484375 0.579297
0 0.466797 0.584375 0.491992 0.589648 0.488281 0.607812 0.463086 0.602734
0 0.563672 0.574219 0.574805 0.560937 0.596094 0.578711 0.584961 0.592187
0 0.694531 0.544727 0.698438 0.564453 0.599219 0.58457 0.595117 0.564844
0 0.699023 0.544141 0.751172 0.554688 0.747656 0.571875 0.695703 0.561133
0 0.752148 0.553906 0.794141 0.541016 0.798828 0.55625 0.756836 0.569141
0 0.90918 0.513672 0.915234 0.533203 0.808008 0.566406 0.801953 0.546875
0 0.950391 0.507812 1 0.507812 1 0.524414 0.950391 0.524414
0 0.915625 0.517578 0.952148 0.510156 0.955664 0.527344 0.919141 0.534766
