0 0.80957 0.760156 1 0.760156 1 0.793359 0.80957 0.793359
0 0.460742 0.742969 0.466406 0.717578 0.639648 0.75625 0.633984 0.781641
0 0.00351563 0.574805 0.0693359 0.581445 0.0673828 0.601953 0.00136719 0.595508
0 0.356445 0.715234 0.461914 0.715234 0.461914 0.736719 0.356445 0.736719
0 0.273242 0.712891 0.279102 0.694141 0.355664 0.717773 0.349805 0.736523
0 0.203516 0.667773 0.209961 0.652734 0.287109 0.685547 0.280859 0.700391
0 0.161133 0.666406 0.207617 0.657031 0.210742 0.672852 0.164258 0.682227
0 0.130078 0.660547 0.141602 0.646875 0.164844 0.666602 0.15332 0.680078
0 0.06875 0.602148 0.0873047 0.596289 0.101172 0.641016 0.0826172 0.646875
0 0.104102 0.6375 0.141602 0.644922 0.138086 0.662305 0.100586 0.654687
0 0.638281 0.780273 0.645117 0.764648 0.704102 0.789453 0.697461 0.805273
0 0.69668 0.778711 0.72168 0.767969 0.728906 0.784961 0.703711 0.795508
0 0.807813 0.761328 0.816211 0.776758 0.766406 0.803906 0.758008 0.788477
0 0.726172 0.789062 0.734766 0.773242 0.764648 0.789453 0.756055 0.805469
