0 0.540625 0.796875 0.564063 0.810156 0.460938 0.994531 0.437305 0.981445
0 0.73125 0.773438 0.757031 0.771094 0.769531 0.908594 0.74375 0.910937
0 0.734375 0.945703 0.75 0.945703 0.75 0.996484 0.734375 0.996484
0 0.744141 0.9125 0.760938 0.919727 0.75 0.945703 0.733008 0.938672
0 0.707031 0.705469 0.721289 0.699609 0.746289 0.758594 0.731836 0.764648
0 0.6875 0.642969 0.702344 0.642969 0.702344 0.673828 0.6875 0.673828
0 0.687891 0.686328 0.696289 0.676367 0.714063 0.691406 0.705664 0.701367
0 0.761914 0.654492 0.769336 0.667969 0.719922 0.694922 0.712695 0.681641
0 0.857617 0.731445 0.871484 0.718164 0.988086 0.838086 0.974219 0.851562
0 0.8375 0.642578 0.857031 0.638672 0.873633 0.719922 0.854102 0.724023
0 0.773633 0.570117 0.7875 0.55918 0.850586 0.638867 0.836914 0.649805
0 0.761328 0.500781 0.782422 0.496484 0.794531 0.555859 0.773438 0.560156
0 0.751758 0.455859 0.769141 0.454102 0.773047 0.494141 0.755664 0.495898
0 0.771484 0.458984 0.785156 0.458984 0.785156 0.496094 0.771484 0.496094
0 0.710938 0.379297 0.723828 0.370508 0.773438 0.442969 0.760547 0.451758
0 0.707031 0.322266 0.71875 0.322266 0.71875 0.371094 0.707031 0.371094
0 0.695312 0.304688 0.707422 0.300977 0.713281 0.320117 0.701172 0.323828
