0 0.39707 0.877539 0.4125 0.874414 0.436914 0.994922 0.421484 0.998047
0 0.342773 0.607812 0.368945 0.605273 0.392383 0.840039 0.366406 0.842578
0 0.375586 0.848047 0.39043 0.835352 0.419336 0.869727 0.404492 0.882422
0 0.000585937 0.559961 0.219727 0.551172 0.220508 0.570898 0.00136719 0.579688
0 0.219336 0.564258 0.342773 0.576562 0.340625 0.597656 0.217188 0.585156
0 0.388867 0.483203 0.411133 0.492578 0.367773 0.595117 0.345703 0.585742
0 0.371484 0.423633 0.387695 0.420312 0.399414 0.47793 0.383008 0.48125
0 0.387891 0.300781 0.401562 0.302148 0.389453 0.422656 0.375781 0.421289
0 0.368164 0.279687 0.382617 0.271875 0.397266 0.298633 0.382812 0.306641
0 0.393555 0.19375 0.408789 0.198828 0.382031 0.279492 0.366797 0.274414
0 0.389648 0.127344 0.407031 0.125586 0.413867 0.194531 0.396484 0.196289
0 0.378906 0.0808594 0.399414 0.0765625 0.408789 0.122656 0.388281 0.126758
0 0.428711 0.0277344 0.440234 0.0390625 0.395703 0.0849609 0.38418 0.0738281
