0 0.00214844 0.527148 0.165039 0.543359 0.162891 0.564844 0 0.548438
0 0.246289 0.510156 0.25293 0.525781 0.166406 0.5625 0.159766 0.54668
0 0.251758 0.52207 0.264062 0.504102 0.375977 0.580469 0.363477 0.598633
0 0.366797 0.579688 0.397461 0.562891 0.408594 0.583398 0.37793 0.6
0 0.408398 0.570703 0.490039 0.578906 0.487891 0.600195 0.40625 0.591992
0 0.53418 0.523828 0.549219 0.541797 0.483203 0.597266 0.468164 0.579492
0 0.545508 0.547852 0.55 0.525781 0.743164 0.564844 0.738672 0.586914
0 0.852539 0.517969 0.860352 0.543164 0.750586 0.577148 0.742773 0.551953
0 0.856445 0.518164 0.925 0.525195 0.922852 0.547266 0.854297 0.54043
0 0.948242 0.50625 0.954297 0.517578 0.919336 0.536719 0.913086 0.525391
0 0.918359 0.53457 0.961328 0.521289 0.96582 0.535547 0.922852 0.548828
0 0.96875 0.519531 0.999609 0.522656 0.998047 0.539062 0.966992 0.535937
