0 0.422852 0.756055 0.437109 0.754297 0.449219 0.847656 0.434961 0.849414
0 0.433008 0.850781 0.444336 0.853125 0.433594 0.90625 0.42207 0.903906
0 0.427734 0.911914 0.439258 0.90957 0.451172 0.968945 0.439648 0.971289
0 0.431641 0.972656 0.445312 0.972656 0.445312 0.998047 0.431641 0.998047
0 0.421094 0.701172 0.436719 0.701172 0.436719 0.751953 0.421094 0.751953
0 0.408984 0.636719 0.422266 0.633984 0.435156 0.697266 0.42168 0.699805
0 0.403516 0.605469 0.419727 0.602148 0.426367 0.634766 0.410156 0.638086
0 0.424219 0.532422 0.437695 0.535156 0.423633 0.604102 0.410352 0.601367
0 0.426953 0.484375 0.438867 0.488086 0.425 0.533203 0.412891 0.529492
0 0.433203 0.416406 0.449414 0.419727 0.436719 0.482812 0.420312 0.479492
0 0.440625 0.373047 0.457617 0.380273 0.442578 0.416016 0.425391 0.408789
0 0.401367 0 0.416992 0 0.416992 0.0292969 0.401367 0.0292969
0 0.387695 0.03125 0.399023 0.0277344 0.426758 0.117188 0.41543 0.120703
0 0.413086 0.126953 0.424805 0.126953 0.424805 0.152344 0.413086 0.152344
0 0.391602 0.169922 0.403516 0.167578 0.411133 0.205078 0.399219 0.207422
0 0.411133 0.144531 0.418555 0.149609 0.407227 0.166016 0.399805 0.160938
0 0.401367 0.216797 0.413281 0.206836 0.436523 0.234375 0.424609 0.244336
0 0.443555 0.246289 0.447461 0.233594 0.491211 0.24707 0.487305 0.259766
0 0.485352 0.261719 0.494141 0.254297 0.512109 0.275586 0.50332 0.283008
