0 0.000976562 0.543359 0.0576172 0.543359 0.0576172 0.564844 0.000976562 0.564844
0 0 0.517773 0.0103516 0.499023 0.0634766 0.52793 0.053125 0.546875
0 0.0583984 0.550781 0.129102 0.536523 0.133008 0.555664 0.0623047 0.569922
0 0.126953 0.551758 0.137695 0.535937 0.200195 0.578516 0.189258 0.594336
0 0.197656 0.588867 0.205273 0.570898 0.282617 0.603516 0.275 0.621484
0 0.407227 0.576562 0.411328 0.596875 0.289062 0.62168 0.284961 0.601367
0 0.403711 0.596484 0.414648 0.580273 0.488867 0.631055 0.477734 0.647266
0 0.477148 0.652344 0.496875 0.643945 0.541992 0.750391 0.522266 0.758789
0 0.518359 0.838867 0.536328 0.835156 0.56543 0.978906 0.547461 0.982617
0 0.551172 0.791797 0.566406 0.788672 0.579688 0.853711 0.564258 0.856836
0 0.584961 0.742578 0.599219 0.748633 0.581055 0.791406 0.566992 0.785547
0 0.62207 0.717187 0.63125 0.733984 0.593945 0.754297 0.584766 0.737695
0 0.616211 0.683984 0.635742 0.683984 0.635742 0.719141 0.616211 0.719141
0 0.642969 0.628711 0.658398 0.637109 0.630273 0.688672 0.614844 0.680078
0 0.645703 0.555273 0.659375 0.547852 0.680859 0.587305 0.667188 0.594727
0 0.641797 0.513672 0.661328 0.513672 0.661328 0.550781 0.641797 0.550781
0 0.632031 0.443359 0.652148 0.441406 0.65918 0.510547 0.639062 0.5125
0 0.583398 0.386719 0.599805 0.372852 0.647656 0.429688 0.631055 0.443555
0 0.577344 0.302734 0.594922 0.302734 0.594922 0.371094 0.577344 0.371094
0 0.551953 0.291016 0.560547 0.280078 0.589844 0.30332 0.581055 0.314063
0 0.554688 0.233789 0.568164 0.235156 0.562891 0.287695 0.549414 0.286328
0 0.536719 0.214258 0.553516 0.205273 0.56875 0.233008 0.551953 0.242188
0 0.544922 0.162305 0.561719 0.164062 0.556641 0.21543 0.539648 0.213672
0 0.500781 0.109961 0.515234 0.100195 0.550586 0.151758 0.535937 0.161523
0 0.497266 0.0625 0.512891 0.0625 0.512891 0.109375 0.497266 0.109375
0 0.489453 0.0224609 0.506836 0.0207031 0.510938 0.0615234 0.493555 0.0632812
0 0.656836 0.505664 0.772656 0.493945 0.774609 0.513672 0.658789 0.525391
0 0.767383 0.520703 0.774805 0.50293 0.837109 0.529297 0.829688 0.546875
0 0.831836 0.557031 0.835938 0.543555 0.903906 0.564648 0.899805 0.57793
0 0.833203 0.529297 0.934766 0.529297 0.934766 0.546875 0.833203 0.546875
0 0.939844 0.544336 0.947461 0.558203 0.90625 0.580664 0.898828 0.566797
0 0.946289 0.542578 0.989062 0.555859 0.983984 0.572656 0.941016 0.559375
