0 0 0.424023 0.00214844 0.403516 0.229492 0.426172 0.227344 0.446875
0 0.227148 0.430859 0.370117 0.416406 0.371875 0.43457 0.228906 0.449023
0 0.375977 0.408594 0.428711 0.408594 0.428711 0.426172 0.375977 0.426172
0 0.534375 0.398438 0.538086 0.416406 0.441211 0.436133 0.437695 0.417969
0 0.542773 0.398828 0.610352 0.4125 0.607031 0.429102 0.539453 0.41543
0 0.604297 0.40332 0.60625 0.392383 0.682617 0.405469 0.680664 0.416406
0 0.685742 0.42793 0.691797 0.413477 0.745898 0.436328 0.739648 0.450781
0 0.742188 0.438672 0.811914 0.424609 0.81543 0.441797 0.745703 0.456055
0 0.81543 0.426172 0.87207 0.426172 0.87207 0.441797 0.81543 0.441797
0 0.883594 0.421289 0.924805 0.433984 0.920312 0.448437 0.879102 0.435742
0 0.926367 0.428711 0.991406 0.42207 0.993164 0.439844 0.928125 0.446484
