0 0.00351563 0.689648 0.05 0.680078 0.0535156 0.697852 0.00722656 0.707227
0 0.217969 0.660547 0.221094 0.675977 0.0871094 0.703125 0.0839844 0.687891
0 0.0539063 0.69375 0.0632812 0.682617 0.08125 0.697656 0.071875 0.708984
0 0.220703 0.667383 0.306055 0.65 0.309766 0.668359 0.224414 0.685742
0 0.479492 0.615234 0.483984 0.632617 0.314063 0.675977 0.30957 0.658594
0 0.479102 0.616406 0.514258 0.605469 0.519922 0.624023 0.484766 0.634961
0 0.666602 0.585938 0.670703 0.606055 0.549414 0.630664 0.545312 0.610547
0 0.522266 0.603906 0.550977 0.609766 0.547461 0.626953 0.51875 0.621094
0 0.67168 0.583984 0.748633 0.576172 0.750391 0.594336 0.673438 0.602148
0 0.749219 0.590625 0.754883 0.577148 0.789648 0.591797 0.783984 0.605273
0 0.830664 0.5625 0.837891 0.575781 0.79082 0.601562 0.783398 0.588281
0 0.837305 0.556445 0.87207 0.55293 0.873633 0.568359 0.838867 0.571875
0 0.877539 0.556641 0.89082 0.549414 0.899023 0.564453 0.885742 0.57168
0 0.90293 0.548828 0.992773 0.548828 0.992773 0.566406 0.90293 0.566406
