0 0.0582031 0.554492 0.0662109 0.568945 0.00800781 0.600781 0 0.586328
0 0.0642578 0.566992 0.0703125 0.552539 0.113477 0.570703 0.107422 0.585156
0 0.112305 0.560937 0.21582 0.560937 0.21582 0.578516 0.112305 0.578516
0 0.215039 0.59043 0.22168 0.56875 0.345508 0.607227 0.338867 0.628906
0 0.465625 0.575391 0.471875 0.595898 0.346875 0.63457 0.340625 0.614062
0 0.481445 0.555078 0.495117 0.568359 0.469531 0.594727 0.455859 0.581445
0 0.490625 0.560937 0.564453 0.553516 0.56582 0.566992 0.491992 0.574414
0 0.566406 0.560937 0.684961 0.572852 0.683398 0.588477 0.564844 0.576562
0 0.74707 0.521875 0.756445 0.535742 0.686914 0.583398 0.677539 0.569531
0 0.760938 0.524023 0.813086 0.540234 0.807422 0.558984 0.755078 0.542773
