0 0.219336 0.418164 0.236328 0.408398 0.329492 0.571094 0.3125 0.580859
0 0.321875 0.578711 0.331445 0.557813 0.467578 0.620117 0.458008 0.641016
0 0.464062 0.634375 0.477539 0.618555 0.557227 0.685742 0.543945 0.701562
0 0.588281 0.712109 0.606055 0.700781 0.685156 0.824023 0.667383 0.835352
0 0.564258 0.68125 0.608398 0.696289 0.602539 0.713281 0.558398 0.698242
0 0.685742 0.824414 0.741211 0.81875 0.742969 0.836133 0.6875 0.841797
0 0.736914 0.844727 0.747461 0.829492 0.791992 0.859766 0.781445 0.875195
0 0.791992 0.852539 0.862305 0.838281 0.865234 0.85332 0.795117 0.867578
0 0.873047 0.857422 0.923633 0.8625 0.921875 0.879883 0.871289 0.874805
0 0.928906 0.857031 0.991211 0.869531 0.987891 0.886133 0.925586 0.873633
0 0.147461 0.00234375 0.166992 0.00234375 0.166992 0.232813 0.147461 0.232813
0 0.148047 0.241016 0.165234 0.237891 0.172852 0.279687 0.155664 0.282813
0 0.125977 0.236719 0.14375 0.238672 0.137695 0.299219 0.119922 0.297461
0 0.164453 0.220898 0.167969 0.203516 0.264648 0.223047 0.261133 0.24043
0 0.00585938 0.365234 0.01875 0.366602 0.0126953 0.425781 0 0.424609
0 0.0376953 0.334375 0.0490234 0.341992 0.0248047 0.377539 0.0134766 0.369727
0 0.0361328 0.299219 0.0537109 0.299219 0.0537109 0.338281 0.0361328 0.338281
0 0.119922 0.249023 0.129883 0.263477 0.0636719 0.308594 0.0537109 0.294141
