0 0.704102 0.879297 0.728516 0.879297 0.728516 0.998437 0.704102 0.998437
0 0.668945 0.785742 0.6875 0.77793 0.725977 0.868945 0.707422 0.876758
0 0.658203 0.687305 0.679688 0.685156 0.689453 0.782422 0.667969 0.78457
0 0.619336 0.596094 0.641602 0.589063 0.67168 0.686133 0.649219 0.693164
0 0.623047 0.534961 0.638477 0.536523 0.632812 0.592969 0.617383 0.591406
0 0.593164 0.444922 0.614258 0.440625 0.633203 0.53457 0.612305 0.538672
0 0.558594 0.396484 0.577539 0.386133 0.609961 0.445117 0.59082 0.455469
0 0.546094 0.337109 0.567187 0.332813 0.578906 0.39043 0.557813 0.394531
0 0.508984 0.305664 0.521094 0.293164 0.555664 0.326562 0.543555 0.339258
0 0.500977 0.217188 0.518555 0.217188 0.518555 0.297266 0.500977 0.297266
0 0.448242 0.115039 0.464062 0.108398 0.506836 0.209375 0.491016 0.216211
0 0.380469 0.0597656 0.39375 0.0429688 0.467187 0.101367 0.453906 0.118164
0 0.373828 0.00546875 0.391211 -0 0.405273 0.0451172 0.387891 0.0505859
