0 0.162305 0.520312 0.174414 0.498047 0.456445 0.652148 0.444336 0.674219
0 0.447461 0.667188 0.456055 0.646875 0.594727 0.705469 0.586133 0.725977
0 0.59082 0.721484 0.613867 0.714453 0.64707 0.821484 0.624023 0.828516
0 0.629687 0.833203 0.648438 0.820508 0.702148 0.898828 0.683398 0.911719
0 0.703711 0.909766 0.718164 0.888867 0.782617 0.933008 0.768164 0.953906
0 0.774414 0.953516 0.79082 0.950195 0.799805 0.994531 0.783398 0.997852
0 0.84375 0.878711 0.856445 0.891016 0.800586 0.948438 0.788086 0.936133
0 0.12793 0.422266 0.145313 0.415039 0.178125 0.492578 0.160742 0.5
0 0.134961 0.355469 0.148633 0.356836 0.142383 0.418945 0.128711 0.417578
0 0.108594 0.307227 0.12793 0.301172 0.146289 0.360547 0.126953 0.366406
0 0.112695 0.244922 0.129883 0.246484 0.123633 0.307812 0.106445 0.306055
0 0.105078 0.148438 0.11875 0.149805 0.109766 0.239258 0.0960938 0.237891
0 0.166797 0.00214844 0.188477 0.0113281 0.12793 0.154688 0.10625 0.145508
