0 0.286523 0.139648 0.290039 0.156641 0.0150391 0.2125 0.0117188 0.195312
0 0.592773 0.0623047 0.596875 0.0753906 0.350586 0.151562 0.346484 0.138477
0 0.291406 0.149805 0.347656 0.144141 0.349219 0.159766 0.292969 0.16543
0 0.609961 0.0695313 0.760156 0.0603516 0.760938 0.0740234 0.610938 0.0830078
0 0.323047 0.547266 0.336914 0.529687 0.457617 0.625586 0.44375 0.642969
0 0.281445 0.366406 0.303711 0.361719 0.339844 0.539648 0.317578 0.544141
0 0.270508 0.228906 0.288867 0.221289 0.318164 0.29043 0.299805 0.298242
0 0.320117 0.306055 0.329102 0.310937 0.302148 0.360547 0.293164 0.355664
0 0.347266 0.266797 0.360352 0.273828 0.3375 0.31582 0.324414 0.308789
0 0.266602 0.185938 0.28418 0.185938 0.28418 0.228906 0.266602 0.228906
