0 0.303125 0.52168 0.578125 0.549219 0.575 0.578711 0.300195 0.551172
0 0.203125 0.529687 0.207031 0.549219 0.100586 0.570703 0.0964844 0.551367
0 0.229102 0.554492 0.298047 0.540625 0.301953 0.559766 0.233008 0.573633
0 0.202148 0.549023 0.212891 0.535547 0.232617 0.551367 0.221875 0.564648
0 0.0152344 0.546875 0.0875 0.546875 0.0875 0.564453 0.0152344 0.564453
0 0.0046875 0.499414 0.0679687 0.505859 0.0660156 0.524219 0.00273437 0.517773
0 0.0621094 0.523438 0.0765625 0.517188 0.0882813 0.544727 0.0736328 0.550781
0 0.000195313 0.528906 0.0113281 0.525391 0.0173828 0.544922 0.00625 0.548438
0 0.653906 0.339844 0.659961 0.35957 0.46875 0.41875 0.462695 0.399023
0 0.655859 0.349609 0.69707 0.341211 0.700586 0.358984 0.659375 0.367383
0 0.701367 0.354492 0.706641 0.341992 0.782227 0.374023 0.776758 0.386523
0 0.786719 0.378906 0.874609 0.378906 0.874609 0.396484 0.786719 0.396484
0 0.925391 0.376953 0.929688 0.391406 0.87793 0.407422 0.873437 0.392969
0 0.932813 0.372852 0.99375 0.378906 0.991797 0.397852 0.930859 0.391602
0 0.638867 0.508984 0.648828 0.523633 0.59082 0.563281 0.580859 0.548633
