0 0.429688 0.938477 0.446094 0.933398 0.462109 0.984766 0.445508 0.990039
0 0.43418 0.863086 0.449805 0.864648 0.443164 0.930859 0.427539 0.929297
0 0.395117 0.789453 0.410547 0.780859 0.452734 0.858008 0.437305 0.866406
0 0.423047 0.685937 0.441406 0.691602 0.413281 0.782617 0.394922 0.776953
0 0.400586 0.596875 0.423047 0.592187 0.441406 0.682617 0.418945 0.687305
0 0.397656 0.564844 0.41875 0.558398 0.429297 0.592383 0.408203 0.598828
0 0.40918 0.388867 0.430859 0.391016 0.414062 0.558203 0.392383 0.555859
0 0.400781 0.311133 0.421094 0.308984 0.428906 0.387891 0.408789 0.389844
0 0.403516 0.238672 0.421094 0.238672 0.421094 0.307031 0.403516 0.307031
0 0.416406 0.180664 0.432812 0.183984 0.420312 0.245312 0.403906 0.241992
0 0.415234 0.111719 0.430859 0.111719 0.430859 0.182031 0.415234 0.182031
0 0.408398 0.0541016 0.423828 0.0525391 0.429883 0.112891 0.414453 0.114453
0 0.319922 0.263281 0.411719 0.268945 0.410742 0.282422 0.319141 0.276953
0 0.210352 0.259961 0.319727 0.264453 0.319141 0.278125 0.209961 0.273633
0 0.0884766 0.257031 0.196484 0.250391 0.197461 0.268555 0.0896484 0.275
