0 0.88418 0.941992 0.902148 0.934375 0.924219 0.986719 0.90625 0.994141
0 0.710938 0.707422 0.736328 0.693555 0.851562 0.904687 0.826172 0.918555
0 0.840234 0.928516 0.849414 0.911328 0.894141 0.935742 0.884766 0.95293
0 0.633398 0.669141 0.643164 0.645703 0.727734 0.681445 0.717969 0.704883
0 0.559375 0.545508 0.581641 0.533203 0.641602 0.642969 0.619336 0.655078
0 0.207227 0.384375 0.221484 0.357812 0.43418 0.474023 0.419922 0.500391
0 0.42168 0.503711 0.431055 0.473828 0.56582 0.51543 0.556641 0.545312
0 0.126953 0.170313 0.154883 0.161719 0.219336 0.369922 0.191211 0.378516
0 0.136914 0.0818359 0.154492 0.0835937 0.146094 0.167187 0.128516 0.16543
0 0.172461 0.000390625 0.19043 0.00800781 0.159375 0.0818359 0.141406 0.0742188
