0 0.307422 -0 0.327539 0.00410156 0.297852 0.150781 0.277734 0.146875
0 0.262695 0.150781 0.281055 0.156445 0.272461 0.183984 0.254102 0.17832
0 0.260352 0.175586 0.278516 0.173633 0.28418 0.228906 0.266016 0.230859
0 0.265625 0.227539 0.285742 0.233008 0.244922 0.380859 0.224805 0.375391
0 0.221484 0.375 0.239453 0.378906 0.194141 0.591797 0.176172 0.587891
0 0.184766 0.616602 0.200391 0.618359 0.191797 0.695898 0.176172 0.694141
0 0.164844 0.746094 0.182422 0.746094 0.182422 0.816406 0.164844 0.816406
0 0.159375 0.624805 0.175 0.62793 0.157031 0.716797 0.141406 0.713672
0 0.0828125 0.816797 0.1 0.813281 0.112109 0.872656 0.0949219 0.876172
0 0.13418 0.741406 0.147852 0.748828 0.10957 0.819141 0.0958984 0.811719
0 0.0867187 0.882812 0.102539 0.885938 0.0925781 0.935547 0.0767578 0.932422
