0 0.00078125 0.816406 0.0742188 0.808984 0.0763672 0.831445 0.00292969 0.838867
0 0.0845703 0.813672 0.138281 0.824414 0.133984 0.845508 0.0802734 0.834766
0 0.145313 0.83418 0.152148 0.811914 0.250977 0.842383 0.244141 0.864844
0 0.391211 0.812695 0.394727 0.829883 0.255078 0.858203 0.251563 0.841016
0 0.388477 0.819727 0.402344 0.808203 0.427734 0.838281 0.413867 0.85
0 0.426953 0.854492 0.431445 0.840234 0.482422 0.855859 0.47793 0.870313
0 0.491406 0.853906 0.496484 0.841797 0.579688 0.876953 0.574609 0.889062
0 0.648047 0.856836 0.652734 0.871875 0.583594 0.893164 0.579102 0.878125
0 0.705664 0.814453 0.714453 0.827344 0.653125 0.869141 0.644336 0.85625
0 0.771289 0.793555 0.775977 0.808398 0.714453 0.827539 0.709766 0.812695
0 0.819141 0.772852 0.825781 0.784961 0.777734 0.811133 0.771289 0.799023
0 0.824023 0.784961 0.829492 0.774609 0.870703 0.79707 0.865039 0.807422
0 0.866797 0.787109 0.892773 0.776172 0.898047 0.789062 0.872266 0.8
0 0.905273 0.778711 0.937109 0.788477 0.931836 0.805273 0.900195 0.795508
0 0.938867 0.79082 0.976172 0.806641 0.969336 0.823242 0.932031 0.807422
