0 0.149023 0.407227 0.290234 0.392969 0.291797 0.408984 0.150781 0.423242
0 0.293555 0.396875 0.350781 0.391016 0.352344 0.406836 0.295117 0.412695
0 0.355664 0.390039 0.405469 0.394922 0.403906 0.410156 0.354102 0.405078
0 0.404687 0.412109 0.408789 0.399023 0.458984 0.415039 0.454883 0.428125
0 0.464062 0.45 0.468164 0.436719 0.548047 0.461328 0.543945 0.474805
0 0.551172 0.463672 0.639844 0.457422 0.641016 0.474414 0.552344 0.480664
0 0.676562 0.494141 0.780469 0.486719 0.781445 0.501367 0.677539 0.508789
0 0.788477 0.493945 0.843359 0.499609 0.841992 0.513672 0.787109 0.508203
0 0.867383 0.482422 0.879492 0.496875 0.85957 0.513672 0.847461 0.499219
0 0.876172 0.483789 0.978711 0.494141 0.977148 0.50957 0.874609 0.499414
