0 0.143164 0.8375 0.153125 0.852539 0.0443359 0.923828 0.034375 0.908594
0 0.00429688 0.916406 0.0392578 0.912891 0.0410156 0.930273 0.00605469 0.933789
0 0.221875 0.81875 0.225977 0.831836 0.147656 0.856055 0.143555 0.842969
0 0.26875 0.793555 0.277344 0.80918 0.232227 0.833789 0.223828 0.817969
0 0.351562 0.783008 0.359961 0.798242 0.321484 0.819336 0.313281 0.804102
0 0.274414 0.793359 0.303516 0.796289 0.301758 0.813867 0.272656 0.810937
0 0.357617 0.801562 0.365234 0.783594 0.458789 0.823242 0.451172 0.841211
0 0.562695 0.600391 0.568359 0.618945 0.437305 0.65957 0.431445 0.64082
0 0.562305 0.62168 0.566797 0.606836 0.701172 0.648242 0.69668 0.663086
0 0.704297 0.646289 0.78125 0.638477 0.783203 0.656836 0.706055 0.664453
0 0.778125 0.652148 0.783594 0.639648 0.864453 0.673828 0.85918 0.686328
