0 0.475586 0.919336 0.497656 0.917578 0.503906 0.994531 0.481641 0.996484
0 0.484766 0.791016 0.505664 0.788867 0.515625 0.887109 0.494727 0.889258
0 0.496094 0.889062 0.507617 0.895508 0.493945 0.920312 0.482422 0.914062
0 0.500586 0.719922 0.517578 0.726953 0.493359 0.78418 0.476562 0.776953
0 0.464258 0.591602 0.483398 0.587695 0.508203 0.710156 0.489063 0.714063
0 0.415625 0.540625 0.436523 0.526367 0.472852 0.579492 0.451953 0.59375
0 0.408984 0.421484 0.430273 0.423633 0.419922 0.527734 0.398633 0.525781
0 0.381445 0.360352 0.400195 0.354492 0.419141 0.416016 0.400586 0.421875
0 0.448828 0.265625 0.46582 0.272852 0.419531 0.382227 0.402539 0.375
0 0.404492 0.210938 0.418164 0.201563 0.45918 0.261719 0.445703 0.270898
0 0.432031 0.143555 0.447266 0.151953 0.42207 0.198242 0.406641 0.189844
