0 0.00175781 0.636914 0.0382813 0.633203 0.0396484 0.647266 0.003125 0.650781
0 0.104492 0.603906 0.110547 0.618164 0.0421875 0.64707 0.0361328 0.632812
0 0.110547 0.607227 0.126367 0.596484 0.135937 0.610352 0.120117 0.621289
0 0.133203 0.594531 0.17793 0.590039 0.179492 0.605664 0.134766 0.610156
0 0.175586 0.606055 0.179883 0.591797 0.257031 0.615625 0.252539 0.629883
0 0.257031 0.615625 0.352734 0.615625 0.352734 0.633203 0.257031 0.633203
0 0.389844 0.603906 0.395703 0.618164 0.356641 0.63457 0.350586 0.620508
0 0.399219 0.605078 0.496289 0.595313 0.497656 0.608789 0.400586 0.618555
0 0.494922 0.60957 0.500781 0.595898 0.538281 0.611719 0.532422 0.625391
0 0.540234 0.613672 0.657422 0.613672 0.657422 0.629297 0.540234 0.629297
0 0.65 0.629883 0.654883 0.613867 0.708984 0.630664 0.704102 0.646484
0 0.703516 0.651758 0.706641 0.636523 0.792773 0.653906 0.789648 0.669141
0 0.872266 0.656641 0.875195 0.671094 0.795117 0.687305 0.792188 0.673047
0 0.907422 0.633203 0.960156 0.633203 0.960156 0.646875 0.907422 0.646875
0 0.962109 0.633203 0.994336 0.626758 0.997852 0.64375 0.96543 0.650195
0 0.882422 0.658203 0.907422 0.660547 0.905664 0.678516 0.880664 0.675977
