0 0.430078 0.942383 0.449023 0.946094 0.438477 0.998047 0.419531 0.994141
0 0.41582 0.899023 0.43457 0.891016 0.455078 0.939453 0.436133 0.947461
0 0.417969 0.775586 0.435547 0.776367 0.429688 0.891406 0.412109 0.890625
0 0.433594 0.715625 0.452344 0.721484 0.435547 0.775586 0.416797 0.769727
0 0.44043 0.623437 0.463867 0.623437 0.463867 0.717187 0.44043 0.717187
0 0.426563 0.576953 0.445312 0.571094 0.462109 0.625195 0.443359 0.631055
0 0.45918 0.349414 0.484766 0.352734 0.455859 0.573633 0.430469 0.570312
0 0.491211 0.242578 0.510352 0.250977 0.466602 0.351367 0.447656 0.342969
0 0.536914 0.201953 0.550391 0.21875 0.506055 0.254102 0.492578 0.237109
0 0.647461 0.214453 0.655273 0.225586 0.563281 0.288477 0.555664 0.277148
