0 0.00488281 0.658594 0.100586 0.658594 0.100586 0.680078 0.00488281 0.680078
0 0.204102 0.654687 0.207422 0.67168 0.107813 0.691992 0.104297 0.675
0 0.149414 0.633203 0.15625 0.649414 0.103711 0.67168 0.096875 0.655469
0 0.15957 0.631836 0.215039 0.642969 0.211523 0.660156 0.156055 0.649023
0 0.270508 0.63125 0.275977 0.644531 0.216602 0.669727 0.210938 0.656445
0 0.27168 0.629883 0.419336 0.644727 0.417773 0.662109 0.269922 0.647266
0 0.516602 0.596094 0.524805 0.611133 0.439844 0.657422 0.431641 0.642578
0 0.51875 0.614062 0.523828 0.597656 0.592383 0.618945 0.587305 0.635156
0 0.580859 0.641992 0.593359 0.626953 0.686523 0.705469 0.674023 0.720508
0 0.652148 0.757812 0.673047 0.743359 0.781641 0.902148 0.760742 0.916406
0 0.75293 0.920312 0.774414 0.920312 0.774414 0.992578 0.75293 0.992578
0 0.767773 0.905273 0.855078 0.896484 0.857227 0.917969 0.769922 0.926758
0 0.983203 0.844336 0.991602 0.864062 0.858594 0.920312 0.850195 0.900586
0 0.401758 0.18457 0.410547 0.163672 0.477539 0.191797 0.46875 0.212695
0 0.474805 0.205664 0.491602 0.200391 0.50957 0.258203 0.492773 0.263477
0 0.50957 0.262305 0.527148 0.250391 0.600586 0.357812 0.583203 0.369922
0 0.588672 0.381641 0.605859 0.372266 0.632031 0.420117 0.614844 0.429492
0 0.623047 0.434961 0.636328 0.419141 0.695508 0.468945 0.682227 0.484766
0 0.680664 0.49043 0.697852 0.481055 0.735352 0.549609 0.718164 0.558984
0 0.725781 0.558398 0.739258 0.560937 0.727148 0.620313 0.713867 0.617578
0 0.787305 0.475391 0.793164 0.494141 0.716602 0.517773 0.710742 0.499023
0 0.79375 0.481445 0.891406 0.480469 0.891602 0.496484 0.793945 0.497461
0 0.993945 0.464258 0.998047 0.477344 0.938281 0.495703 0.934375 0.482617
0 0.932617 0.480859 0.9375 0.49707 0.87832 0.51543 0.873242 0.499219
