0 0.000976562 0.673438 0.0480469 0.676172 0.0470703 0.691211 -0 0.688281
0 0.132031 0.69375 0.241406 0.69375 0.241406 0.709375 0.132031 0.709375
0 0.0472656 0.676172 0.0949219 0.666406 0.0972656 0.678516 0.0498047 0.688281
0 0.0986328 0.680078 0.106836 0.671289 0.131055 0.69375 0.122656 0.702539
0 0.245508 0.688672 0.340234 0.679297 0.341992 0.695312 0.247266 0.704883
0 0.348438 0.683594 0.381055 0.697266 0.375 0.711523 0.342383 0.697852
0 0.476758 0.666016 0.480859 0.679297 0.383594 0.709375 0.379492 0.696094
0 0.482617 0.68125 0.486914 0.666992 0.572461 0.693359 0.567969 0.707617
0 0.592773 0.682813 0.601758 0.693359 0.573828 0.716797 0.565039 0.70625
0 0.606445 0.685352 0.666211 0.691406 0.664844 0.704688 0.605078 0.698633
0 0.670117 0.6875 0.691797 0.675586 0.699414 0.689453 0.677539 0.701367
0 0.701367 0.675781 0.746289 0.675781 0.746289 0.689453 0.701367 0.689453
0 0.748242 0.673828 0.767188 0.660742 0.777539 0.675781 0.758398 0.688867
0 0.773438 0.665234 0.820508 0.669922 0.81875 0.686328 0.771875 0.681641
0 0.820117 0.67207 0.899805 0.664062 0.900977 0.675586 0.821289 0.683594
