0 0.106641 0.572852 0.113672 0.595117 0.0222656 0.623437 0.0152344 0.601172
0 0.112109 0.600586 0.11582 0.583398 0.243164 0.611719 0.239258 0.629102
0 0.300586 0.59375 0.305664 0.609766 0.249023 0.627344 0.244141 0.611328
0 0.29668 0.611328 0.305078 0.591602 0.377148 0.62207 0.36875 0.641797
0 0.371484 0.685156 0.507422 0.698828 0.505469 0.718164 0.369531 0.704492
0 0.518359 0.704297 0.521094 0.69043 0.647266 0.716016 0.644336 0.729883
0 0.65332 0.725 0.72168 0.725 0.72168 0.738672 0.65332 0.738672
0 0.826758 0.825781 0.830664 0.812695 0.897852 0.833398 0.893945 0.846484
0 0.8875 0.861133 0.893555 0.84668 0.958203 0.874219 0.952148 0.888477
0 0.952539 0.889648 0.961719 0.873047 1 0.893945 0.99082 0.910547
0 0.916992 0.401562 0.924805 0.387109 0.997656 0.426953 0.989648 0.441406
0 0.833203 0.336523 0.844531 0.323242 0.908789 0.377344 0.897461 0.390625
