0 0.00117187 0.655273 0.00527344 0.635938 0.157227 0.666602 0.15332 0.685937
0 0.149219 0.672852 0.166211 0.665625 0.196289 0.736719 0.179297 0.743945
0 0.194336 0.728906 0.239258 0.728906 0.239258 0.750391 0.194336 0.750391
0 0.23457 0.747266 0.244531 0.735352 0.284961 0.769336 0.274805 0.78125
0 0.283008 0.766211 0.350586 0.752344 0.354102 0.770117 0.286523 0.783789
0 0.397266 0.753906 0.40332 0.767969 0.364648 0.784375 0.358594 0.770117
0 0.398828 0.761133 0.491992 0.751758 0.49375 0.769141 0.400586 0.778516
0 0.491016 0.770703 0.50332 0.752539 0.545898 0.781641 0.533398 0.799805
0 0.538672 0.783594 0.586914 0.773828 0.590625 0.792578 0.542578 0.802344
0 0.62207 0.777734 0.670898 0.777734 0.670898 0.791406 0.62207 0.791406
0 0.673828 0.788867 0.726367 0.794141 0.724609 0.811719 0.67207 0.806445
0 0.724023 0.805664 0.739648 0.793359 0.776367 0.839648 0.760742 0.851953
0 0.777344 0.833398 0.839453 0.839648 0.837891 0.855078 0.775781 0.848828
0 0.851953 0.802734 0.86543 0.808398 0.847852 0.850195 0.834375 0.844531
0 0.855469 0.808008 0.920703 0.794727 0.923633 0.810156 0.858594 0.823242
0 0.928516 0.714453 0.943945 0.717578 0.928711 0.792188 0.913477 0.789258
0 0.604688 0.498242 0.616797 0.516016 0.399219 0.664844 0.387109 0.64707
0 0.192969 0.542578 0.202148 0.525781 0.375391 0.620508 0.366211 0.637109
0 0.1875 0.523438 0.193359 0.541992 0.111328 0.567383 0.105469 0.548828
0 0.101367 0.561914 0.111328 0.574023 0.0460938 0.628906 0.0361328 0.616992
0 0.620508 0.511719 0.625977 0.499023 0.699609 0.530273 0.694336 0.542773
0 0.781836 0.498242 0.786523 0.513086 0.70625 0.537891 0.701758 0.523047
0 0.78457 0.515234 0.789258 0.500391 0.928711 0.543359 0.924023 0.558398
0 0.936523 0.549219 0.990625 0.56582 0.985352 0.582617 0.93125 0.566016
0 0.930664 0.527734 0.998047 0.521094 0.999609 0.5375 0.932227 0.544336
0 0.661133 0.44375 0.67168 0.454102 0.629297 0.497656 0.61875 0.4875
0 0.674023 0.442188 0.825586 0.457422 0.824023 0.472852 0.672461 0.457617
