0 0.0759766 0.639062 0.0878906 0.660547 0.0123047 0.701758 0.000585937 0.680273
0 0.0949219 0.648047 0.192188 0.657813 0.190039 0.679102 0.0927734 0.669336
0 0.260742 0.639062 0.267188 0.65957 0.2 0.680273 0.193555 0.659766
0 0.269531 0.644922 0.322266 0.644922 0.322266 0.664453 0.269531 0.664453
0 0.410742 0.607031 0.417187 0.627539 0.333203 0.653516 0.326758 0.633008
0 0.450195 0.547461 0.56875 0.535547 0.571094 0.558984 0.452539 0.570898
0 0.682617 0.527148 0.686133 0.544336 0.580859 0.565625 0.577344 0.548438
0 0.692383 0.530078 0.775977 0.52168 0.778125 0.543164 0.694531 0.551562
0 0.755078 0.509766 0.758203 0.494531 0.838477 0.510742 0.835352 0.525977
0 0.847656 0.510156 0.939453 0.510156 0.939453 0.529687 0.847656 0.529687
0 0.938477 0.537695 0.943359 0.521875 0.998242 0.538867 0.993359 0.554688
0 0.267578 0.160547 0.34375 0.160547 0.34375 0.176172 0.267578 0.176172
0 0.354102 0.169336 0.419727 0.182617 0.416016 0.201563 0.350195 0.188281
