0 0.103516 0.467578 0.120508 0.464258 0.140625 0.562891 0.123438 0.566406
0 0.145508 0.573242 0.149219 0.555273 0.329688 0.591797 0.326172 0.609766
0 0.333984 0.599219 0.34043 0.583984 0.443359 0.627344 0.436914 0.642578
0 0.452344 0.622266 0.482422 0.619531 0.483789 0.636328 0.453906 0.639062
0 0.493164 0.634766 0.54375 0.639844 0.541797 0.65918 0.491211 0.654102
0 0.547266 0.647266 0.552344 0.631445 0.614258 0.650586 0.609375 0.666406
0 0.630859 0.644922 0.707031 0.644922 0.707031 0.664453 0.630859 0.664453
0 0.720703 0.666406 0.784766 0.680078 0.780273 0.700586 0.716211 0.686914
0 0.785937 0.684961 0.848242 0.691211 0.84668 0.706641 0.784375 0.700391
0 0.851562 0.668359 0.912109 0.668359 0.912109 0.687891 0.851562 0.687891
0 0.913672 0.683594 0.921094 0.669922 0.969141 0.696094 0.961523 0.709961
0 0.972656 0.691797 1 0.691797 1 0.706445 0.972656 0.706445
0 0.0119141 0.358398 0.0238281 0.346094 0.0742188 0.394922 0.0621094 0.407227
0 0.0494141 0.414453 0.0662109 0.40918 0.08125 0.457617 0.0644531 0.462891
0 0.0820312 0.465234 0.0873047 0.452734 0.117188 0.465234 0.111719 0.47793
0 0.0482422 0.726953 0.0664062 0.736719 0.0205078 0.820703 0.00234375 0.810937
0 0.123828 0.564258 0.138477 0.577148 0.0515625 0.676172 0.0369141 0.663281
