0 0.00566406 0.49707 0.034375 0.482812 0.0417969 0.497852 0.0130859 0.511914
0 0.0435547 0.48418 0.105664 0.47793 0.107227 0.493359 0.0451172 0.499609
0 0.110547 0.484766 0.235547 0.484766 0.235547 0.502344 0.110547 0.502344
0 0.288086 0.445898 0.295703 0.459766 0.235547 0.492383 0.228125 0.478711
0 0.295312 0.448242 0.348242 0.458984 0.344922 0.475 0.291992 0.464453
0 0.559766 0.453516 0.561914 0.472656 0.385156 0.492188 0.383203 0.473047
0 0.723828 0.494531 0.726758 0.508984 0.630664 0.52832 0.627734 0.514062
0 0.836523 0.460352 0.841016 0.475 0.730273 0.509375 0.725586 0.494727
0 0.886719 0.366211 0.892773 0.377148 0.83125 0.409961 0.825391 0.398828
0 0.930078 0.339453 0.94043 0.351758 0.919141 0.369531 0.908789 0.357422
0 0.887891 0.367578 0.90957 0.358398 0.915234 0.371484 0.893359 0.380859
0 0.931641 0.353906 0.944922 0.342578 0.997266 0.404687 0.983984 0.416016
0 0.902148 0.29082 0.919141 0.283594 0.942383 0.338867 0.925586 0.346094
0 0.879883 0.208594 0.895703 0.203516 0.919922 0.282031 0.904102 0.287109
0 0.921094 0.178125 0.926367 0.187891 0.891211 0.207031 0.886133 0.197266
0 0.915234 0.160547 0.929492 0.163477 0.925 0.185938 0.910547 0.183203
0 0.880078 0.127344 0.893555 0.125977 0.897656 0.166797 0.88418 0.168164
0 0.891797 0.101953 0.903906 0.108789 0.893164 0.128516 0.880859 0.121875
0 0.934375 0.0619141 0.94082 0.0738281 0.898047 0.0972656 0.891406 0.0853516
