0 0.00175781 0.463086 0.00566406 0.443945 0.100781 0.463281 0.096875 0.482422
0 0.0974609 0.479102 0.107617 0.464258 0.143555 0.488672 0.133398 0.503711
0 0.143555 0.480859 0.174414 0.47793 0.176758 0.500391 0.145898 0.503516
0 0.178125 0.495703 0.189258 0.479492 0.255273 0.524805 0.244336 0.54082
0 0.127734 0.0429688 0.246875 0.0429688 0.246875 0.0605469 0.127734 0.0605469
0 0.280078 0.0824219 0.342773 0.0951172 0.340039 0.108398 0.277344 0.0957031
0 0.252734 0.0644531 0.264453 0.0529297 0.286133 0.0751953 0.274414 0.0867187
0 0.346289 0.119336 0.355078 0.106445 0.413086 0.146289 0.404297 0.15918
0 0.410352 0.158984 0.416992 0.142969 0.471484 0.166016 0.464648 0.182031
0 0.462305 0.18418 0.475 0.169141 0.533203 0.218164 0.520703 0.233203
0 0.523633 0.233008 0.543164 0.225391 0.571094 0.29707 0.551562 0.304688
0 0.992188 0.50332 0.998047 0.522461 0.895312 0.554297 0.889453 0.535156
0 0.813672 0.540625 0.819141 0.523438 0.889258 0.545117 0.883984 0.5625
0 0.45 0.525391 0.569141 0.525391 0.569141 0.542969 0.45 0.542969
0 0.625781 0.525391 0.633789 0.540039 0.588281 0.564844 0.580469 0.550195
0 0.639453 0.527344 0.664844 0.527344 0.664844 0.542969 0.639453 0.542969
0 0.684375 0.541016 0.727344 0.527734 0.732812 0.545508 0.689844 0.558789
0 0.766406 0.542969 0.811719 0.528906 0.816211 0.543359 0.770898 0.557422
0 0.733203 0.529297 0.765234 0.542773 0.758594 0.558594 0.726562 0.545117
0 0.358008 0.531836 0.447461 0.522852 0.449414 0.542383 0.359961 0.551367
