0 0.0658203 0.609766 0.0726563 0.625977 0.00722656 0.653516 0.000390625 0.6375
0 0.0724609 0.629687 0.0792969 0.613477 0.129688 0.634961 0.122852 0.650977
0 0.263086 0.580469 0.26875 0.598828 0.132422 0.641016 0.126758 0.622852
0 0.264258 0.602539 0.280664 0.588867 0.342187 0.661914 0.325781 0.675781
0 0.454297 0.633203 0.460352 0.652734 0.345117 0.688477 0.339062 0.668945
0 0.620117 0.515625 0.632227 0.533594 0.468945 0.645508 0.456641 0.627539
0 0.680273 0.498047 0.686914 0.514062 0.633789 0.536719 0.626953 0.520508
0 0.688867 0.504297 0.725977 0.504297 0.725977 0.517969 0.688867 0.517969
0 0.791992 0.466016 0.798242 0.480859 0.730859 0.50957 0.724609 0.494531
0 0.798047 0.469727 0.924219 0.457031 0.925586 0.470703 0.799414 0.483398
0 0.963477 0.417187 0.974805 0.430664 0.930078 0.468359 0.91875 0.455078
0 0.97793 0.424219 0.999414 0.424219 0.999414 0.439844 0.97793 0.439844
0 0.186133 0.80332 0.205273 0.807422 0.164453 0.998437 0.145313 0.994336
0 -0 0.706836 0.00820313 0.686914 0.206836 0.76875 0.198633 0.788477
0 0.249609 0.770312 0.258398 0.783008 0.210352 0.816602 0.201563 0.803906
0 0.114062 0.701367 0.119336 0.68457 0.212305 0.713281 0.207227 0.730078
0 0.281445 0.746875 0.285547 0.759961 0.235156 0.775586 0.231055 0.7625
0 0.214844 0.726953 0.230273 0.723828 0.237305 0.758398 0.221875 0.761523
0 0.293945 0.74375 0.343164 0.738672 0.344531 0.752148 0.295312 0.757227
0 0.380273 0.705273 0.387891 0.716602 0.349219 0.742969 0.341602 0.731641
