0 0.686523 0.621484 0.694922 0.603125 0.995703 0.741016 0.987305 0.75957
0 0.616406 0.583789 0.691211 0.598828 0.687109 0.619141 0.612305 0.603906
0 0.536133 0.584375 0.604492 0.584375 0.604492 0.603906 0.536133 0.603906
0 0.483984 0.583594 0.49082 0.567383 0.5375 0.587305 0.530664 0.603516
0 0.366211 0.51582 0.373828 0.497656 0.510547 0.555469 0.50293 0.573438
0 0.308203 0.486328 0.359766 0.475977 0.363672 0.495117 0.312109 0.505469
0 0.248242 0.398438 0.266406 0.39707 0.270508 0.453516 0.252344 0.454883
0 0.293945 0.351953 0.307812 0.36543 0.268164 0.40625 0.254297 0.392773
0 0.299219 0.241992 0.316602 0.24375 0.30625 0.346875 0.288867 0.345117
0 0.36582 0.163672 0.383789 0.167383 0.37207 0.225 0.354297 0.221484
0 0.280664 0.125586 0.291016 0.106641 0.37168 0.150781 0.361328 0.169531
0 0.495508 0.126172 0.501172 0.144922 0.389258 0.179492 0.383594 0.160742
