0 0.0910156 0.529687 0.249219 0.529687 0.249219 0.549219 0.0910156 0.549219
0 0.243164 0.542383 0.250391 0.525391 0.311719 0.551172 0.304492 0.568359
0 0.385937 0.5375 0.391016 0.554102 0.313672 0.57793 0.308594 0.561523
0 0.383789 0.537109 0.425 0.545312 0.42168 0.561914 0.380469 0.553516
0 0.419727 0.558398 0.432031 0.551758 0.444531 0.574609 0.432227 0.581445
0 0.444531 0.56875 0.463086 0.563086 0.467969 0.578516 0.449219 0.584375
0 0.635938 0.514062 0.64375 0.525586 0.577539 0.570898 0.569727 0.559375
0 0.686719 0.488672 0.729688 0.488672 0.729688 0.504297 0.686719 0.504297
0 0.725781 0.516211 0.730273 0.501367 0.917188 0.558984 0.9125 0.574023
0 0.921094 0.557031 0.991406 0.557031 0.991406 0.572656 0.921094 0.572656
0 0.485547 0.805078 0.500586 0.819727 0.452148 0.869727 0.436914 0.855078
0 0.599023 0.736914 0.605273 0.751172 0.500781 0.795312 0.494727 0.781055
