0 0.00078125 0.523047 0.00605469 0.49707 0.174219 0.53125 0.168945 0.557031
0 0.321289 0.492578 0.328125 0.514844 0.175 0.562109 0.168164 0.540039
0 0.324805 0.486133 0.395898 0.480469 0.397461 0.500195 0.326367 0.505859
0 0.398828 0.488867 0.50918 0.5 0.507812 0.514062 0.397461 0.503125
0 0.576172 0.45332 0.585156 0.466406 0.519727 0.511133 0.510742 0.498047
0 0.599219 0.456836 0.647852 0.466797 0.645117 0.480664 0.596289 0.470703
0 0.688867 0.484375 0.768945 0.484375 0.768945 0.496094 0.688867 0.496094
0 0.782422 0.473828 0.885352 0.463672 0.886523 0.475195 0.783594 0.485547
0 0.865234 0.497266 0.916406 0.502344 0.91543 0.511719 0.864258 0.506641
0 0.916406 0.513867 0.922266 0.505078 0.976758 0.542383 0.970898 0.551172
0 0.648242 0.482812 0.654883 0.470508 0.693555 0.491797 0.686914 0.503906
