0 0.271094 0.357227 0.319531 0.357227 0.319531 0.373437 0.271094 0.373437
0 0.312891 0.37793 0.326758 0.364453 0.34707 0.385352 0.333203 0.398828
0 0.342969 0.387109 0.403516 0.387109 0.403516 0.402734 0.342969 0.402734
0 0.402539 0.401953 0.408594 0.39082 0.443945 0.410156 0.437891 0.421289
0 0.440039 0.410156 0.469141 0.401172 0.473242 0.414062 0.443945 0.423047
0 0.476172 0.404883 0.5125 0.416211 0.508398 0.429688 0.471875 0.418359
0 0.513867 0.442969 0.518359 0.428516 0.572852 0.445312 0.568359 0.459766
0 0.700781 0.444922 0.731055 0.435547 0.735742 0.451172 0.705664 0.460352
0 0.734961 0.4375 0.772461 0.445117 0.770117 0.457031 0.732422 0.449414
0 0.773633 0.442188 0.820898 0.4375 0.82207 0.448828 0.774805 0.453516
0 0.819922 0.454492 0.827344 0.441016 0.863867 0.460938 0.856445 0.474414
0 0.859961 0.460938 0.881445 0.460938 0.881445 0.474609 0.859961 0.474609
0 0.892578 0.443555 0.900586 0.451172 0.886133 0.466016 0.878125 0.458398
0 0.902539 0.443359 0.929883 0.443359 0.929883 0.460938 0.902539 0.460938
0 0.929688 0.455273 0.937109 0.444531 0.956641 0.458008 0.949414 0.46875
0 0.954492 0.455664 0.994336 0.443359 0.999023 0.458398 0.95918 0.470703
0 0.509961 0.0423828 0.560742 0.0527344 0.557617 0.0675781 0.506836 0.0572266
0 0.575195 0.0751953 0.583008 0.0638672 0.628125 0.0947266 0.620508 0.106055
0 0.626758 0.108203 0.63125 0.0931641 0.698047 0.113867 0.693555 0.128906
0 0.684961 0.128516 0.692578 0.117188 0.758789 0.1625 0.750977 0.173633
0 0.750781 0.178125 0.762891 0.167773 0.810742 0.224609 0.798438 0.234766
