0 0.372656 0.483203 0.641602 0.496484 0.64082 0.513672 0.37168 0.500195
0 0.248438 0.476172 0.251563 0.491406 0.163477 0.50918 0.160547 0.493945
0 0.250195 0.492773 0.256445 0.477734 0.305664 0.498437 0.299219 0.513477
0 0.305664 0.494531 0.34668 0.494531 0.34668 0.508203 0.305664 0.508203
0 0.342383 0.483984 0.368164 0.473047 0.374219 0.487695 0.348633 0.498437
0 0.00234375 0.44043 0.123047 0.445312 0.122266 0.462695 0.0015625 0.458008
0 0 0.492188 0.0722656 0.492188 0.0722656 0.507812 0 0.507812
0 0.0755859 0.495703 0.145508 0.488672 0.146875 0.502148 0.0769531 0.50918
0 0.121094 0.462891 0.133594 0.457617 0.146484 0.488281 0.133984 0.493359
0 0.0546875 0.458984 0.0626953 0.455469 0.078125 0.492188 0.0701172 0.495508
0 0.680469 0.46543 0.689453 0.478516 0.64707 0.507422 0.638281 0.494531
0 0.559766 0.328906 0.567773 0.34375 0.476367 0.39375 0.468164 0.378906
0 0.565234 0.328711 0.62832 0.316016 0.631055 0.329297 0.567773 0.342187
0 0.660352 0.301367 0.667383 0.314453 0.63418 0.332617 0.627148 0.319531
0 0.667383 0.302734 0.698633 0.302734 0.698633 0.316406 0.667383 0.316406
0 0.702539 0.289062 0.75332 0.289062 0.75332 0.302734 0.702539 0.302734
0 0.750586 0.300781 0.756641 0.286523 0.804102 0.306641 0.798047 0.320898
0 0.802148 0.308594 0.829492 0.308594 0.829492 0.320312 0.802148 0.320312
0 0.834766 0.330469 0.8375 0.317188 0.908398 0.331445 0.905664 0.344922
0 0.911523 0.33418 0.91582 0.323828 0.957031 0.341211 0.952539 0.351562
0 0.987109 0.315625 0.995117 0.327148 0.962305 0.349609 0.954492 0.337891
0 0.701758 0.454883 0.798633 0.445312 0.800195 0.460938 0.70332 0.470703
