0 0.452539 0.905664 0.47168 0.901758 0.49082 0.995703 0.47168 0.999414
0 0.469141 0.852539 0.488281 0.856445 0.478125 0.90625 0.458984 0.902344
0 0.441211 0.788867 0.458008 0.783594 0.479883 0.854688 0.463281 0.859961
0 0.445117 0.730273 0.460547 0.731836 0.455273 0.784375 0.439844 0.782813
0 0.408984 0.678906 0.424414 0.670508 0.458203 0.732227 0.442773 0.740625
0 0.426758 0.594141 0.445703 0.6 0.423828 0.670508 0.405078 0.664648
0 0.413086 0.532031 0.430273 0.528711 0.442383 0.587891 0.425195 0.591406
0 0.408984 0.489453 0.425195 0.482617 0.438867 0.515234 0.422852 0.521875
0 0.40918 0.391016 0.424805 0.391016 0.424805 0.478906 0.40918 0.478906
0 0.423828 0.331836 0.439453 0.333398 0.433594 0.391797 0.417969 0.390234
0 0.410352 0.277539 0.425195 0.274609 0.4375 0.335156 0.422656 0.338281
0 0.419336 0.123633 0.439453 0.125195 0.427148 0.27832 0.407031 0.276758
0 0.230078 0.226367 0.416602 0.235742 0.41582 0.251758 0.229297 0.242383
0 0.410938 0.0505859 0.432422 0.0484375 0.440625 0.130078 0.419141 0.132227
0 0.0921875 0.229492 0.218555 0.216797 0.220312 0.234375 0.0939453 0.24707
