0 0.152734 0.428906 0.156641 0.448047 0.00722656 0.47832 0.00332031 0.45918
0 0.154297 0.426172 0.226562 0.426172 0.226562 0.439844 0.154297 0.439844
0 0.225586 0.417773 0.267578 0.404687 0.273633 0.424414 0.231641 0.437305
0 0.280469 0.416016 0.406641 0.428711 0.404883 0.446289 0.278711 0.433594
0 0.405469 0.432812 0.458008 0.427539 0.45957 0.443164 0.407031 0.448437
0 0.464258 0.440234 0.584766 0.428125 0.586523 0.445508 0.466016 0.457617
0 0.577734 0.42168 0.621289 0.408203 0.626953 0.426172 0.583203 0.439648
0 0.630859 0.414453 0.667969 0.414453 0.667969 0.430078 0.630859 0.430078
0 0.773633 0.392578 0.779297 0.410547 0.678711 0.441797 0.673047 0.423633
0 0.781055 0.400195 0.826953 0.40957 0.824219 0.423047 0.77832 0.413672
0 0.864844 0.389844 0.869336 0.400586 0.824414 0.419727 0.819922 0.408789
0 0.866016 0.403516 0.870898 0.388477 0.923828 0.404687 0.919141 0.419922
0 0.9375 0.385156 0.998633 0.391406 0.997266 0.406836 0.935937 0.400781
