0 0.11582 0.549219 0.242578 0.541602 0.243555 0.55918 0.116797 0.566797
0 0.120117 0.586328 0.206055 0.586328 0.206055 0.6 0.120117 0.6
0 0.246484 0.544531 0.249805 0.525 0.402734 0.551367 0.399414 0.570703
0 0.50293 0.549219 0.604492 0.549219 0.604492 0.564844 0.50293 0.564844
0 0.605664 0.564258 0.71582 0.553125 0.717578 0.571484 0.607422 0.582422
0 0.722461 0.575781 0.770312 0.566016 0.773438 0.581445 0.725586 0.591016
0 0.778125 0.577344 0.785352 0.559961 0.83457 0.580664 0.827148 0.598047
0 0.819336 0.609961 0.823828 0.595117 0.886523 0.614453 0.881836 0.629297
0 0.887109 0.613281 0.905859 0.600391 0.915039 0.613672 0.896094 0.626563
0 0.916992 0.603906 0.987305 0.603906 0.987305 0.619531 0.916992 0.619531
