0 0.135352 0.00839844 0.151367 0.0015625 0.200391 0.117578 0.184375 0.124414
0 0.190234 0.132422 0.196094 0.11582 0.372266 0.178125 0.366406 0.194727
0 0.368945 0.189453 0.373047 0.176563 0.454297 0.201563 0.450195 0.214648
0 0.445508 0.210742 0.464648 0.200195 0.495312 0.25625 0.476172 0.266797
0 0.495703 0.249805 0.542188 0.264062 0.535937 0.283984 0.489648 0.269531
0 0.531055 0.288477 0.545117 0.27832 0.598242 0.352734 0.58418 0.362891
0 0.587891 0.367383 0.597852 0.352734 0.633984 0.377344 0.624023 0.391992
0 0.623242 0.398047 0.63418 0.387305 0.739844 0.496484 0.728906 0.507031
0 0.725195 0.499805 0.73457 0.488672 0.790234 0.535547 0.780859 0.546875
0 0.780273 0.548633 0.794922 0.54082 0.827344 0.6 0.812695 0.608008
0 0.811719 0.613086 0.824219 0.607812 0.868359 0.712109 0.855859 0.717383
0 0.650977 0.444531 0.666992 0.451367 0.626758 0.54668 0.610547 0.539844
0 0.599414 0.543164 0.615625 0.548242 0.588281 0.636914 0.57207 0.631836
0 0.565039 0.641016 0.578711 0.645312 0.555859 0.719141 0.542188 0.715039
0 0.541992 0.725586 0.557031 0.730273 0.518945 0.853516 0.503906 0.848828
0 0.500977 0.852148 0.518164 0.853516 0.507617 0.986914 0.490234 0.985547
