0 0.00078125 0.298633 0.00664062 0.280078 0.146484 0.323242 0.14082 0.341992
0 0.145703 0.363086 0.15293 0.345898 0.208984 0.369531 0.201758 0.386719
0 0.2 0.401953 0.208594 0.389258 0.296875 0.449609 0.288281 0.462305
0 0.29043 0.44707 0.414062 0.459375 0.412109 0.477539 0.288672 0.465234
0 0.734766 0.565234 0.745117 0.546289 0.882227 0.621289 0.871875 0.640039
0 0.477539 0.534766 0.483594 0.515039 0.582031 0.545312 0.575781 0.565039
0 0.410742 0.492188 0.419336 0.471875 0.482617 0.498437 0.473828 0.518945
0 0.664062 0.543359 0.733203 0.536523 0.735156 0.556641 0.666016 0.563477
0 0.580664 0.552539 0.589063 0.537109 0.630078 0.55957 0.62168 0.575
0 0.854102 0.662695 0.867969 0.646289 0.917188 0.687891 0.90332 0.704297
