0 0.0572266 0.783594 0.0777344 0.781641 0.0982422 0.986719 0.0777344 0.988867
0 0.0300781 0.759766 0.0435547 0.746484 0.0738281 0.777734 0.0601563 0.79082
0 0.025 0.680078 0.0416016 0.680078 0.0416016 0.745898 0.025 0.745898
0 0.0396484 0.558789 0.0613281 0.560937 0.0494141 0.678906 0.0279297 0.676562
0 0.0658203 0.45918 0.0865234 0.463281 0.0671875 0.558594 0.0464844 0.554492
0 0.106641 0.0837891 0.126172 0.0943359 0.0845703 0.170313 0.0650391 0.159766
0 0.104492 0.0349609 0.122461 0.0332031 0.127539 0.084375 0.10957 0.0863281
0 0.121289 0.0015625 0.137695 0.0103516 0.12168 0.0394531 0.105469 0.0306641
0 0.0708984 0.17168 0.0882813 0.173437 0.0806641 0.249219 0.0632812 0.247461
0 0.0689453 0.250391 0.0845703 0.250391 0.0845703 0.357812 0.0689453 0.357812
0 0.0654297 0.351758 0.0787109 0.360938 0.0552734 0.394922 0.0419922 0.385937
0 0.0416016 0.433984 0.0523438 0.446875 0.0142578 0.478906 0.00351563 0.466211
0 0.0462891 0.393555 0.0654297 0.397461 0.0564453 0.441406 0.0373047 0.4375
