0 0.392773 0.618945 0.396484 0.6 0.984375 0.713086 0.980859 0.732031
0 0.956641 0.0457031 0.974609 0.0511719 0.934375 0.18125 0.916406 0.175781
0 0.917773 0.184375 0.9375 0.182422 0.947266 0.279687 0.927539 0.281836
0 0.938477 0.00585938 0.961328 0.00117187 0.96875 0.0375 0.945898 0.0421875
0 0.918555 0.289062 0.939258 0.293164 0.919922 0.389062 0.899023 0.384961
0 0.896094 0.381055 0.912305 0.392188 0.885938 0.430859 0.869727 0.419727
0 0.869141 0.430078 0.896484 0.430078 0.896484 0.580469 0.869141 0.580469
0 0.874219 0.585742 0.891211 0.580469 0.910156 0.641016 0.892969 0.646484
0 0.892773 0.638672 0.912109 0.646875 0.892773 0.692578 0.873437 0.68457
0 0.245508 0.676172 0.361328 0.664453 0.362891 0.681055 0.247266 0.692578
0 0.00585938 0.624805 0.0636719 0.642578 0.0578125 0.661328 -0 0.643359
0 0.0644531 0.641016 0.158203 0.641016 0.158203 0.660547 0.0644531 0.660547
0 0.15 0.644336 0.158398 0.624414 0.250195 0.663281 0.241797 0.683008
