0 0.333398 0.883398 0.352148 0.885156 0.34082 0.998242 0.32207 0.996289
0 0.318945 0.816602 0.336523 0.812891 0.351172 0.884961 0.333594 0.888477
0 0.337695 0.745898 0.359961 0.750391 0.346289 0.818359 0.323828 0.813867
0 0.317383 0.52832 0.334961 0.527539 0.345898 0.743945 0.32832 0.744922
0 0.395898 0.332031 0.410742 0.338281 0.335547 0.516406 0.320508 0.509961
0 0.396875 0.220312 0.418164 0.222461 0.407031 0.333203 0.385742 0.33125
0 0.213477 0.0472656 0.231641 0.0492187 0.219141 0.174805 0.200781 0.173047
0 0.201953 0.185156 0.226562 0.187695 0.219336 0.260156 0.194531 0.257812
0 0.196094 0.265625 0.2125 0.263867 0.219336 0.332422 0.20293 0.33418
0 0.198242 0.338867 0.21543 0.342187 0.197266 0.432227 0.179883 0.428711
