0 0.0943359 0.622656 0.102344 0.603516 0.191406 0.641016 0.183203 0.660156
0 0.186719 0.64375 0.251953 0.637109 0.253711 0.654687 0.188477 0.661328
0 0.251953 0.653906 0.255859 0.63418 0.367188 0.656641 0.363086 0.676367
0 0.370312 0.652734 0.466797 0.672266 0.462695 0.691992 0.366406 0.672461
0 0.491211 0.680078 0.587891 0.670312 0.590039 0.692773 0.493555 0.702344
0 0.586133 0.670898 0.636719 0.660547 0.640625 0.680469 0.590234 0.690625
0 0.680664 0.649023 0.798828 0.637109 0.800977 0.658789 0.682813 0.670703
0 0.642383 0.648438 0.685547 0.652734 0.683398 0.672852 0.64043 0.668555
0 0.943359 0.6625 0.998437 0.679688 0.992773 0.698047 0.937695 0.680859
0 0.865625 0.637891 0.938477 0.652539 0.934961 0.669727 0.862109 0.655078
0 0.226562 0.908594 0.242383 0.911914 0.224805 0.998047 0.208984 0.994922
0 0.240625 0.755859 0.258203 0.757617 0.245508 0.883789 0.22793 0.882031
