0 0.670508 0.896875 0.691992 0.896875 0.691992 0.998047 0.670508 0.998047
0 0.650977 0.788477 0.674414 0.783594 0.697266 0.896289 0.673633 0.901172
0 0.65293 0.691797 0.674414 0.691797 0.674414 0.783594 0.65293 0.783594
0 0.66582 0.627148 0.686133 0.63125 0.674023 0.691211 0.653711 0.687109
0 0.668555 0.594141 0.685547 0.59082 0.693359 0.629297 0.676367 0.632617
0 0.682031 0.535937 0.699805 0.541406 0.68418 0.591992 0.666406 0.586523
0 0.658594 0.458203 0.68418 0.455469 0.692578 0.539844 0.667188 0.542383
0 0.643359 0.179492 0.666602 0.180078 0.65918 0.430469 0.635938 0.429688
0 0.670898 0.0511719 0.695898 0.05625 0.670312 0.182422 0.645312 0.177344
0 0.642188 0.00644531 0.662891 0 0.677148 0.0466797 0.656641 0.0529297
