0 0.897461 0.315039 0.903516 0.295703 0.998047 0.325 0.991992 0.344336
0 0.417187 0.236328 0.546484 0.223438 0.548828 0.246484 0.419531 0.25957
0 0.679492 0.229102 0.682422 0.213867 0.814648 0.240625 0.811523 0.255859
0 0.851562 0.275781 0.8625 0.259766 0.908594 0.291211 0.897461 0.307422
0 0.809375 0.258984 0.816406 0.242578 0.8625 0.262109 0.855664 0.27832
0 0.551758 0.2375 0.555273 0.220312 0.643359 0.238086 0.639844 0.255273
0 0.637109 0.23457 0.673828 0.223047 0.679688 0.241992 0.642773 0.25332
0 0.234375 0.182031 0.242188 0.163477 0.34082 0.205078 0.332813 0.223828
0 0.169141 0.143164 0.246094 0.150781 0.244336 0.168164 0.167383 0.160547
0 0.329492 0.224023 0.341797 0.209375 0.373437 0.236133 0.361133 0.250781
0 0.380859 0.228711 0.419922 0.240625 0.414453 0.258203 0.375391 0.246289
