0 0.0015625 0.810352 0.0728516 0.803125 0.0748047 0.82207 0.00351563 0.829102
0 0.0826172 0.804492 0.135352 0.820703 0.129688 0.839063 0.0769531 0.822852
0 0.137109 0.814063 0.209375 0.811914 0.209766 0.827539 0.1375 0.829688
0 0.19707 0.828125 0.207617 0.810352 0.304688 0.867383 0.294336 0.884961
0 0.291406 0.878906 0.313086 0.883203 0.289844 0.997852 0.268164 0.993359
0 0.30918 0.873437 0.381445 0.873437 0.381445 0.891016 0.30918 0.891016
0 0.431641 0.855664 0.435547 0.836328 0.561133 0.861719 0.557227 0.881055
0 0.418555 0.832422 0.434375 0.845117 0.395703 0.89375 0.379883 0.88125
0 0.562305 0.85918 0.624609 0.85293 0.626367 0.870313 0.564063 0.876563
0 0.624609 0.855078 0.705664 0.871484 0.701758 0.89043 0.620898 0.874023
0 0.700195 0.868164 0.74082 0.859766 0.744336 0.877539 0.703711 0.885742
0 0.784961 0.858984 0.912695 0.846094 0.914844 0.866992 0.787109 0.879883
