0 0.544922 0.701562 0.548828 0.721289 0.446484 0.741992 0.442578 0.722461
0 0.547656 0.695703 0.603125 0.68457 0.606641 0.701758 0.550977 0.712891
0 0.606836 0.69375 0.703125 0.683984 0.704492 0.699219 0.608398 0.708984
0 0.433594 0.725 0.452344 0.740039 0.410156 0.793359 0.391211 0.778516
0 0.253125 0.821094 0.332031 0.805078 0.335352 0.822266 0.256641 0.838281
0 0.333203 0.795117 0.369141 0.791406 0.370898 0.809375 0.334961 0.813086
0 0.361328 0.775781 0.388672 0.770312 0.392578 0.789453 0.365234 0.795117
0 0.243359 0.815625 0.257812 0.832422 0.233008 0.85332 0.21875 0.836328
0 0.183594 0.832422 0.195508 0.844141 0.156836 0.883984 0.144727 0.872266
0 0.197266 0.822656 0.226367 0.838672 0.217188 0.855273 0.188086 0.839453
