0 0.787695 0.000390625 0.805273 0.000390625 0.805273 0.0570312 0.787695 0.0570312
0 0.793945 0.0583984 0.817187 0.0537109 0.838477 0.158594 0.815234 0.163281
0 0.817383 0.170898 0.83418 0.159375 0.891211 0.242578 0.874414 0.254102
0 0.875391 0.243555 0.897852 0.248242 0.869727 0.387109 0.84707 0.382617
0 0.860742 0.425 0.885352 0.426172 0.87793 0.572656 0.853516 0.571484
0 0.911328 0.817383 0.938086 0.808984 0.99375 0.988867 0.966992 0.99707
0 0.870703 0.646875 0.898633 0.643945 0.910742 0.764062 0.882812 0.766992
0 0.885547 0.781836 0.899023 0.767969 0.936914 0.804883 0.923438 0.81875
0 0.87207 0.572656 0.893164 0.574609 0.886523 0.640039 0.865625 0.637891
0 0.850977 0.399414 0.869727 0.389062 0.885352 0.417773 0.866602 0.428125
