0 0.92168 0.914453 0.942578 0.91875 0.926562 0.998437 0.905469 0.994141
0 0.899414 0.8625 0.919727 0.853906 0.942383 0.907813 0.922266 0.916406
0 0.898633 0.810937 0.919727 0.812891 0.915234 0.856641 0.894336 0.854492
0 0.923633 0.707422 0.941797 0.711133 0.92207 0.808203 0.903906 0.804492
0 0.908594 0.666406 0.927539 0.660547 0.940625 0.703125 0.92168 0.708984
0 0.923047 0.557422 0.941211 0.560937 0.920898 0.661133 0.902734 0.657617
0 0.936523 0.489648 0.95332 0.494922 0.932031 0.563867 0.915234 0.558789
0 0.974414 0.139063 0.995117 0.141211 0.988281 0.210352 0.967383 0.208398
0 0.968555 0.205469 0.986133 0.205469 0.986133 0.301172 0.968555 0.301172
0 0.976367 0.392969 0.990039 0.390234 0.998047 0.430078 0.984375 0.433008
0 0.980273 0.353906 0.997266 0.355664 0.993555 0.391992 0.976562 0.390234
0 0.966797 0.458008 0.98418 0.463281 0.969922 0.509375 0.952539 0.504102
0 0.974414 0.423047 0.992578 0.430273 0.977734 0.468359 0.95957 0.461328
