0 0.581427 0.646777 0.593582 0.650537 0.513121 0.910647 0.500965 0.906887
0 0.677183 0.629397 0.678555 0.648735 0.593199 0.654788 0.591827 0.635450
0 0.754574 0.725650 0.741130 0.736974 0.668152 0.650332 0.681596 0.639008
0 0.765571 0.723518 0.997267 0.760909 0.993590 0.783694 0.761893 0.746303
0 0.450621 0.941898 0.473509 0.941898 0.473509 1.000000 0.450621 1.000000
0 0.231694 0.912565 0.246085 0.918649 0.216423 0.988808 0.202031 0.982724
0 0.348078 0.874615 0.462918 0.937352 0.453554 0.954493 0.338714 0.891755
0 0.503452 0.900925 0.511168 0.910648 0.468001 0.944902 0.460286 0.935180
0 0.383707 0.106868 0.477315 0.170909 0.464293 0.189944 0.370684 0.125903
0 0.531827 0.177324 0.675359 0.238008 0.668371 0.254535 0.524839 0.193851
0 0.476011 0.180179 0.534605 0.180179 0.534605 0.197757 0.476011 0.197757
0 0.808043 0.383304 0.794882 0.396854 0.683546 0.288723 0.696707 0.275173