0 0.285938 0.879297 0.298242 0.897266 0.15293 0.99668 0.14082 0.978711
0 0.300977 0.881055 0.381641 0.889062 0.379688 0.908789 0.299023 0.900586
0 0.389453 0.883203 0.535937 0.883203 0.535937 0.900781 0.389453 0.900781
0 0.690234 0.869531 0.695117 0.888281 0.574219 0.919141 0.569336 0.900391
0 0.510547 0.910547 0.573047 0.910547 0.573047 0.926172 0.510547 0.926172
0 0.695312 0.888281 0.700586 0.871484 0.778906 0.895898 0.773828 0.9125
0 0.793359 0.831641 0.80957 0.838477 0.784375 0.897852 0.768359 0.891016
0 0.804688 0.821875 0.87168 0.808203 0.874805 0.823633 0.807813 0.837109
0 0.937891 0.749609 0.942578 0.764453 0.858594 0.79043 0.853906 0.775586
0 0.953906 0.725 0.996094 0.716602 0.999023 0.730664 0.956836 0.739258
0 0.94375 0.730859 0.957812 0.736719 0.950391 0.754492 0.936328 0.748437
