0 0.875977 0.240625 0.894336 0.255273 0.791211 0.385352 0.772852 0.370703
0 0.991992 0.202148 0.998828 0.223828 0.885547 0.258789 0.878906 0.237305
0 0.776172 0.37832 0.799414 0.380664 0.791406 0.460352 0.768164 0.458008
0 0.760547 0.444531 0.775977 0.45957 0.668555 0.570312 0.65293 0.555078
0 0.655078 0.563867 0.675 0.576367 0.609961 0.680078 0.590039 0.667578
0 0.600195 0.667969 0.60918 0.686328 0.501953 0.739453 0.492773 0.721094
0 0.435156 0.749414 0.457617 0.75625 0.430664 0.843555 0.408203 0.836523
0 0.477148 0.719141 0.490234 0.733984 0.458203 0.7625 0.445117 0.747852
0 0.410547 0.834766 0.424414 0.851172 0.354297 0.910352 0.34043 0.893945
0 0.336719 0.895703 0.354687 0.910742 0.285547 0.992969 0.267578 0.97793
0 0.127539 0.941797 0.136328 0.957812 0.0738281 0.991992 0.0652344 0.975977
