0 0.0703125 0.965234 0.0878906 0.965234 0.0878906 0.998437 0.0703125 0.998437
0 0.0472656 0.900195 0.0619141 0.892188 0.0859375 0.935937 0.0712891 0.943945
0 0.0732422 0.942773 0.0878906 0.945703 0.0830078 0.969922 0.0683594 0.966797
0 0.0292969 0.783594 0.0488281 0.783594 0.0488281 0.877344 0.0292969 0.877344
0 0.0427734 0.712305 0.0585938 0.717187 0.0373047 0.786133 0.0214844 0.78125
0 0.0447266 0.577734 0.0625 0.580469 0.0417969 0.707812 0.0242188 0.704883
0 0.078125 0.521875 0.0933594 0.530273 0.0650391 0.582031 0.0498047 0.573633
0 0.0867187 0.46543 0.105469 0.469141 0.0935547 0.527148 0.075 0.523438
0 0.12832 0.414258 0.142578 0.426172 0.101367 0.475 0.0873047 0.463086
0 0.157227 0.278516 0.172852 0.284961 0.144531 0.351953 0.128906 0.345508
0 0.125195 0.345117 0.14375 0.348828 0.134766 0.392969 0.116211 0.389258
0 0.196484 0.153125 0.212891 0.162109 0.181641 0.219141 0.165234 0.210352
0 0.1625 0.223242 0.178516 0.216602 0.191406 0.246484 0.175195 0.25332
0 0.165234 0.0763672 0.189453 0.06875 0.216602 0.156641 0.192383 0.164258
0 0.196875 0 0.214844 0.00761719 0.193555 0.0580078 0.175586 0.0503906
