0 0.00136719 0.19668 0.00488281 0.175391 0.192969 0.207813 0.189453 0.228906
0 0.603516 0.207422 0.606641 0.226367 0.44375 0.254297 0.440625 0.235547
0 0.254492 0.237305 0.316406 0.239063 0.31582 0.258203 0.253906 0.25625
0 0.376953 0.209961 0.383008 0.224414 0.318164 0.251758 0.312109 0.2375
0 0.384961 0.214648 0.442773 0.232422 0.437109 0.251172 0.379297 0.233203
0 0.193164 0.225195 0.20293 0.20957 0.255859 0.242773 0.246094 0.258203
0 0.608398 0.217188 0.685547 0.201563 0.689258 0.220508 0.612109 0.236133
0 0.707227 0.190625 0.795117 0.193164 0.794531 0.208789 0.706641 0.20625
0 0.794727 0.211914 0.800391 0.198437 0.835938 0.213281 0.830078 0.226953
0 0.835352 0.205273 0.907227 0.198047 0.908789 0.213672 0.836719 0.220898
