0 0.169925 0.027668 0.010160 0.089634 0.000000 0.063438 0.159764 0.001472
0 0.000000 0.000000 0.068359 0.000000 0.068359 0.021484 0.000000 0.021484
0 0.659032 0.102529 0.645424 0.116540 0.544546 0.018565 0.558154 0.004554
0 0.658429 0.099128 0.830304 0.099128 0.830304 0.118659 0.658429 0.118659
0 0.920570 0.123640 0.910383 0.138191 0.815535 0.071787 0.825722 0.057236
0 0.914992 0.120073 0.998599 0.125096 0.997344 0.145997 0.913737 0.140975
0 0.649118 0.106267 0.667944 0.114227 0.633039 0.196785 0.614213 0.188825
0 0.620578 0.190301 0.641955 0.192446 0.624016 0.371236 0.602639 0.369091
0 0.595561 0.362586 0.614424 0.364479 0.582258 0.685066 0.563395 0.683173
0 0.558073 0.675251 0.575723 0.677559 0.556867 0.821785 0.539217 0.819477
0 0.536756 0.813272 0.560773 0.815925 0.540998 0.994976 0.516981 0.992324