0 0.105664 0.842187 0.126953 0.844141 0.111719 0.995313 0.0904297 0.993164
0 0.282031 0.00292969 0.299609 0.00371094 0.293945 0.114062 0.276562 0.113281
0 0.263672 0.902734 0.277148 0.910352 0.231836 0.993359 0.218164 0.985938
0 0.292969 0.805078 0.31582 0.812305 0.294727 0.879883 0.271875 0.872852
0 0.280273 0.121289 0.297461 0.117773 0.3125 0.191797 0.295312 0.195312
0 0.279297 0.281641 0.297266 0.278125 0.314063 0.361523 0.296094 0.365039
0 0.299023 0.195508 0.315234 0.202344 0.285156 0.273828 0.26875 0.266992
0 0.292578 0.360547 0.308984 0.363867 0.296875 0.424219 0.280469 0.420898
0 0.281641 0.421875 0.296094 0.41582 0.319727 0.47168 0.305273 0.477734
0 0.300586 0.585352 0.319727 0.587305 0.3125 0.660547 0.293359 0.658789
0 0.289062 0.738477 0.306641 0.736719 0.313477 0.80625 0.296094 0.808008
0 0.304688 0.668359 0.321289 0.670117 0.314258 0.741602 0.297461 0.739844
0 0.314258 0.530273 0.333398 0.53418 0.322266 0.589648 0.303125 0.585938
0 0.300586 0.47207 0.316016 0.475195 0.304688 0.530664 0.289453 0.527734
