0 0.971108 0.000015 0.996472 0.003331 0.966982 0.228892 0.941619 0.225577
0 0.969350 0.236429 0.907580 0.357793 0.885045 0.346323 0.946815 0.224959
0 0.902594 0.352576 0.926983 0.357520 0.911486 0.433965 0.887098 0.429021
0 0.910201 0.444018 0.800942 0.578908 0.773313 0.556528 0.882571 0.421638
0 0.788061 0.568129 0.822217 0.575052 0.801111 0.679170 0.766955 0.672246
0 0.771012 0.665415 0.801256 0.687932 0.690783 0.836309 0.660539 0.813791
0 0.735705 0.986074 0.705729 0.998047 0.637376 0.826911 0.667351 0.814939
0 0.651920 0.816489 0.628283 0.828496 0.544099 0.662768 0.567736 0.650762
0 0.405308 0.519354 0.556977 0.649717 0.539718 0.669797 0.388049 0.539433
0 0.412044 0.520535 0.395137 0.530441 0.329455 0.418340 0.346362 0.408434
0 0.189311 0.421213 0.017955 0.535945 0.004880 0.516416 0.176235 0.401684
0 0.302111 0.383184 0.193907 0.430212 0.184487 0.408538 0.292691 0.361509
0 0.352461 0.403608 0.339221 0.420293 0.288871 0.380338 0.302111 0.363652
0 0.573596 0.305059 0.360804 0.426895 0.345515 0.400193 0.558307 0.278357
0 0.702502 0.287480 0.566013 0.305324 0.562805 0.280783 0.699294 0.262939
0 0.829281 0.234076 0.706822 0.293230 0.695427 0.269641 0.817886 0.210487
0 0.954148 0.193118 0.819689 0.228887 0.814137 0.208015 0.948596 0.172246