0 0.59375 0.623437 0.59707 0.644727 0.246875 0.701367 0.243359 0.680078
0 0.238086 0.686523 0.245703 0.704492 0.105469 0.763672 0.0978516 0.745703
0 0.591797 0.619531 0.722656 0.619531 0.722656 0.641016 0.591797 0.641016
0 0.788281 0.62168 0.884766 0.63125 0.882617 0.652148 0.786328 0.642383
0 0.908594 0.00507813 0.925781 0.00234375 0.949219 0.146875 0.932031 0.149805
0 0.916602 0.203906 0.939453 0.201563 0.952344 0.33125 0.929492 0.333398
0 0.929688 0.150781 0.949414 0.15293 0.945312 0.19375 0.925586 0.191797
0 0.745313 0.186914 0.75 0.164453 0.90957 0.196875 0.904883 0.219336
0 0.936719 0.192969 0.996875 0.186914 0.998828 0.206445 0.938672 0.2125
0 0.724609 0.0492187 0.742188 0.0492187 0.742188 0.164453 0.724609 0.164453
0 0.713086 0.24082 0.73418 0.247266 0.703125 0.348047 0.682031 0.341602
0 0.726758 0.161328 0.747852 0.16543 0.732031 0.243945 0.710938 0.239648
0 0.614453 0.345898 0.686328 0.338672 0.688281 0.358203 0.616211 0.36543
0 0.684375 0.0167969 0.692773 0.00136719 0.741602 0.028125 0.733203 0.0435547
