0 0.00175781 0.727344 0.00488281 0.707812 0.450195 0.779687 0.44707 0.799023
0 0.457617 0.797852 0.460547 0.783594 0.567383 0.805078 0.564453 0.819531
0 0.567383 0.805078 0.573242 0.786133 0.647461 0.808984 0.641602 0.82793
0 0.538281 0.142773 0.551758 0.146875 0.507227 0.29082 0.49375 0.286719
0 0.52832 0.00429688 0.541992 0.00429688 0.541992 0.144922 0.52832 0.144922
0 0.498828 0.286914 0.516797 0.285156 0.526367 0.379297 0.508203 0.38125
0 0.500391 0.383984 0.516602 0.387109 0.500195 0.467969 0.483984 0.464648
0 0.448242 0.529687 0.466992 0.529492 0.468359 0.678125 0.449609 0.67832
0 0.450977 0.682422 0.468945 0.676758 0.485938 0.73125 0.467773 0.736914
0 0.483398 0.469922 0.498633 0.482031 0.459766 0.531055 0.444531 0.518945
0 0.460352 0.72832 0.475977 0.729883 0.471094 0.778516 0.455469 0.776953
0 0.918164 0.0167969 0.923438 -0 0.998047 0.0230469 0.992773 0.0398437
0 0.822266 0.00859375 0.825781 -0.00859375 0.911914 0.00898437 0.908398 0.0261719
