0 0.873269 0.897319 0.888582 0.900423 0.868793 0.998047 0.853480 0.994943
0 0.914190 0.714292 0.933531 0.720275 0.876701 0.903992 0.857359 0.898009
0 0.972204 0.682417 0.984312 0.694884 0.938715 0.739169 0.926606 0.726701
0 0.985917 0.629421 0.999434 0.633602 0.982204 0.689300 0.968687 0.685119
0 0.995940 0.629723 0.980406 0.636290 0.955107 0.576452 0.970640 0.569884
0 0.986149 0.525242 0.999937 0.532775 0.976616 0.575464 0.962828 0.567931
0 0.433531 0.856994 0.449156 0.856994 0.449156 0.940978 0.433531 0.940978
0 0.458922 0.858947 0.443889 0.861994 0.415953 0.724181 0.430986 0.721134
0 0.408140 0.587462 0.427672 0.587462 0.427672 0.726134 0.408140 0.726134
0 0.423526 0.351798 0.449156 0.356994 0.401671 0.591245 0.376041 0.586050
0 0.443029 0.350501 0.427672 0.356994 0.399396 0.290116 0.414753 0.283623
0 0.279803 0.084465 0.170870 0.094295 0.169291 0.076788 0.278223 0.066958
0 0.433367 0.142503 0.413339 0.146355 0.393924 0.045407 0.413953 0.041556
0 0.428397 0.225711 0.411132 0.229211 0.393558 0.142517 0.410823 0.139018
0 0.409930 0.224534 0.427508 0.224534 0.427508 0.288987 0.409930 0.288987
0 0.064653 0.092107 0.011112 0.137204 0.000112 0.124145 0.053653 0.079048
0 0.834139 0.147582 0.659549 0.170407 0.657099 0.151668 0.831689 0.128843
0 0.908771 0.071565 0.830467 0.134887 0.819706 0.121579 0.898010 0.058258
0 0.449164 0.002860 0.522174 0.017660 0.518924 0.033689 0.445915 0.018889
0 0.556036 0.101360 0.448308 0.141909 0.441180 0.122971 0.548907 0.082422
0 0.908682 0.060318 0.970387 0.094027 0.961959 0.109453 0.900254 0.075744
0 0.994078 0.110900 0.889612 0.182369 0.879110 0.167018 0.983576 0.095549
0 0.935591 0.254843 0.923621 0.263033 0.878592 0.197214 0.890562 0.189025
0 0.894971 0.178754 0.979845 0.195958 0.976500 0.212462 0.891625 0.195258