0 0.117773 0.558398 0.125781 0.537305 0.338086 0.617188 0.330078 0.638281
0 0.330273 0.617969 0.553516 0.6 0.555273 0.620898 0.332031 0.638672
0 0.739062 0.570703 0.745898 0.591992 0.62832 0.629687 0.621484 0.608398
0 0.749219 0.567187 0.823047 0.580469 0.819727 0.599219 0.745898 0.585742
0 0.825 0.575391 0.893359 0.572656 0.894141 0.591016 0.825781 0.59375
0 0.940234 0.541406 0.951172 0.557422 0.904492 0.589258 0.89375 0.573438
0 0.949219 0.542969 0.997656 0.547852 0.995703 0.567383 0.947266 0.5625
0 0.556641 0.600781 0.620703 0.607227 0.61875 0.626758 0.554688 0.620313
0 0 0.573047 0.0417969 0.56875 0.04375 0.587695 0.00195312 0.591797
0 0.120117 0.53457 0.124805 0.549414 0.0650391 0.567969 0.0603516 0.553125
