0 0.375080 0.036399 0.390074 0.037601 0.313251 0.995832 0.298257 0.994630
0 0.809996 0.061038 0.823725 0.062416 0.813093 0.168379 0.799364 0.167001
0 0.810677 0.003642 0.824462 0.006437 0.814016 0.057973 0.800230 0.055179
0 0.809996 0.168460 0.827574 0.168460 0.827574 0.250491 0.809996 0.250491
0 0.806915 0.246687 0.821255 0.248126 0.804804 0.412086 0.790465 0.410648
0 0.809996 0.477054 0.793815 0.478677 0.788069 0.421413 0.804250 0.419789
0 0.839292 0.551273 0.827082 0.556435 0.796218 0.483436 0.808429 0.478274
0 0.822554 0.546034 0.839293 0.555179 0.794827 0.636573 0.778088 0.627429
0 0.827574 0.691898 0.809200 0.699666 0.779782 0.630085 0.798156 0.622317
0 0.812803 0.689995 0.830093 0.695343 0.807755 0.767559 0.790464 0.762210
0 0.800230 0.762210 0.817808 0.762210 0.817808 0.812991 0.800230 0.812991
0 0.759214 0.865726 0.778323 0.867643 0.766115 0.989313 0.747007 0.987396
0 0.800772 0.800836 0.818503 0.812967 0.782110 0.866162 0.764379 0.854031