0 0.643359 0.232813 0.660937 0.232813 0.660937 0.332422 0.643359 0.332422
0 0.642969 0.332813 0.659766 0.338086 0.645898 0.382812 0.629102 0.377734
0 0.628125 0.385547 0.645508 0.382031 0.656641 0.437695 0.639453 0.441016
0 0.693945 0.090625 0.7125 0.0962891 0.671094 0.230664 0.652344 0.225
0 0.693359 -0 0.715625 0.00683594 0.699023 0.0611328 0.676562 0.0541016
0 0.485547 0.777148 0.501367 0.766211 0.557422 0.848047 0.541602 0.858984
0 0.550195 0.854688 0.567969 0.851172 0.580859 0.914453 0.563086 0.918164
0 0.569141 0.92832 0.579102 0.913672 0.625781 0.945703 0.61582 0.960156
0 0.51875 0.647656 0.541797 0.654687 0.506445 0.768945 0.483398 0.761719
0 0.523047 0.577344 0.542188 0.58125 0.529297 0.644336 0.510156 0.64043
0 0.617578 0.955273 0.633594 0.953516 0.637891 0.995313 0.62168 0.996875
