0 0.30293 0.448437 0.317773 0.458008 0.267188 0.536914 0.252344 0.527344
0 0.309961 0.444727 0.364063 0.428125 0.369336 0.444922 0.315234 0.461523
0 0.741992 0.00175781 0.759375 0.00351563 0.75 0.0988281 0.732422 0.0970703
0 0.770117 0.114844 0.785352 0.117969 0.770703 0.19082 0.755273 0.187695
0 0.770312 0.187109 0.786133 0.19043 0.764453 0.297266 0.748633 0.294141
0 0.75293 0.298438 0.774219 0.300586 0.762305 0.419141 0.741016 0.416992
0 0.726367 0.48457 0.747461 0.480273 0.777344 0.627734 0.75625 0.632031
0 0.972656 0.749609 0.990234 0.747852 0.999609 0.843164 0.982227 0.844922
0 0.992578 0.883984 1.00488 0.899219 0.954297 0.939258 0.942187 0.924023
0 0.936719 0.940625 0.957617 0.936328 0.969336 0.993945 0.948242 0.998047
