0 0.246875 0.127148 0.266016 0.119531 0.333203 0.292578 0.314063 0.300195
0 0.227734 0.00976562 0.242383 0.00410156 0.269922 0.0746094 0.255273 0.0804688
0 0.248438 0.0767578 0.266016 0.0785156 0.261328 0.124609 0.243945 0.123047
0 0.313867 0.30957 0.334375 0.303125 0.3625 0.394336 0.342187 0.400781
0 0.344336 0.408984 0.355859 0.392188 0.408594 0.428125 0.396875 0.445117
0 0.392773 0.444922 0.41543 0.440234 0.432031 0.52207 0.409375 0.526758
0 0.416406 0.529883 0.434375 0.520703 0.478906 0.607812 0.460742 0.616992
0 0.456641 0.618555 0.473828 0.615039 0.495117 0.720313 0.47793 0.723828
0 0.488672 0.726758 0.508398 0.718359 0.541211 0.795703 0.521484 0.804102
0 0.516016 0.808008 0.540625 0.800391 0.576562 0.916406 0.551953 0.924023
0 0.533008 0.9625 0.549609 0.9625 0.549609 0.992578 0.533008 0.992578
