0 0.813672 0.848047 0.830859 0.846289 0.842383 0.961328 0.825195 0.963086
0 0.826172 0.958398 0.842383 0.967187 0.825977 0.997266 0.809766 0.988477
0 0.791602 0.0986328 0.793555 0.0785156 0.998437 0.0992187 0.996484 0.119336
0 0.733398 0.0791016 0.740625 0.0609375 0.793164 0.0820312 0.785937 0.100195
0 0.722266 0.0644531 0.731055 0.0841797 0.68125 0.106445 0.672461 0.0867187
0 0.576758 0.0798828 0.582617 0.0609375 0.680664 0.0914062 0.674805 0.110156
0 0.494727 0.0628906 0.577344 0.0546875 0.579297 0.0740234 0.49668 0.0822266
0 0.37168 0.0511719 0.484961 0.0511719 0.484961 0.0707031 0.37168 0.0707031
0 0.32168 0.0503906 0.375977 0.0503906 0.375977 0.06875 0.32168 0.06875
0 0.287695 0.0296875 0.321484 0.0441406 0.314063 0.0617188 0.280273 0.0474609
