0 0.108203 0.887109 0.127734 0.887109 0.127734 0.998047 0.108203 0.998047
0 0.00195312 0.783008 0.0544922 0.788281 0.0525391 0.807813 -0 0.802539
0 0.0425781 0.805469 0.0550781 0.792578 0.10625 0.842187 0.09375 0.855078
0 0.104883 0.848828 0.115625 0.834961 0.174219 0.880469 0.163477 0.894336
0 0.166992 0.879492 0.344727 0.883203 0.344336 0.898828 0.166602 0.895117
0 0.349609 0.885742 0.419531 0.892773 0.417578 0.912109 0.347656 0.905078
0 0.425781 0.896875 0.505469 0.904883 0.503516 0.924414 0.423828 0.916406
0 0.508789 0.921875 0.513867 0.905078 0.627734 0.94043 0.622461 0.957227
0 0.656836 0.980664 0.660937 0.967187 0.717187 0.984766 0.713086 0.998047
0 0.885938 0.976758 0.996875 0.965625 0.998828 0.985156 0.887891 0.996289
