0 0.867188 -0.000390625 0.884375 0.003125 0.856836 0.139063 0.839648 0.135547
0 0.841016 0.156055 0.856445 0.141016 0.898242 0.183984 0.882812 0.199023
0 0.890039 0.189258 0.905469 0.19082 0.898438 0.260937 0.883008 0.259375
0 0.879883 0.269336 0.895117 0.263086 0.908008 0.293359 0.892773 0.299805
0 0.899219 0.298633 0.918555 0.300586 0.904883 0.436719 0.885547 0.434766
0 0.902539 0.464648 0.918359 0.471289 0.89043 0.5375 0.874414 0.530859
0 0.88457 0.445703 0.901367 0.436523 0.913867 0.459375 0.89707 0.468555
0 0.849219 0.644336 0.86875 0.642383 0.880664 0.760938 0.861133 0.762891
0 0.945117 0.842187 0.963672 0.848047 0.916797 0.999414 0.898242 0.993555
0 0.825195 0.843164 0.844336 0.839258 0.861719 0.925391 0.842578 0.929297
0 0.85918 0.945703 0.870117 0.929688 0.911719 0.958203 0.900781 0.974219
0 0.865039 0.768945 0.888477 0.781641 0.858008 0.8375 0.834375 0.824805
