0 0.410742 0.865625 0.422656 0.848047 0.563086 0.944141 0.550977 0.961719
0 0.321094 0.827539 0.328906 0.808984 0.419141 0.847266 0.411328 0.865625
0 0.558398 0.966016 0.566797 0.946289 0.642383 0.97832 0.633984 0.998047
0 0.173633 0.771484 0.182422 0.750391 0.310156 0.804492 0.301367 0.825391
0 0.00292969 0.639844 0.0138672 0.626758 0.1375 0.730859 0.126562 0.743945
0 0.743555 0.51582 0.752734 0.496484 0.951562 0.592578 0.942187 0.611914
0 0.627344 0.390039 0.645898 0.372656 0.755078 0.489844 0.736523 0.507227
0 0.570312 0.350977 0.641016 0.365234 0.636523 0.388281 0.565625 0.373828
0 0.351562 0.228516 0.366016 0.207422 0.572656 0.348828 0.558203 0.369922
0 0.251953 0.189258 0.258398 0.16875 0.360938 0.200391 0.354687 0.220898
0 0.200977 0.12207 0.218945 0.106836 0.26543 0.162109 0.247461 0.177344
0 0.1 0.0820312 0.110937 0.0603516 0.2125 0.111914 0.201563 0.133594
0 0.0111328 0.0230469 0.0175781 0.00253906 0.0958984 0.0267578 0.0896484 0.0472656
0 0.651172 0.732812 0.666211 0.741016 0.593945 0.873242 0.578906 0.865039
0 0.67832 0.655078 0.69707 0.66543 0.669141 0.716797 0.650195 0.706641
