0 0.0615234 0.931641 0.251953 0.9125 0.254297 0.935742 0.0638672 0.954883
0 0.251953 0.918359 0.373047 0.918359 0.373047 0.939844 0.251953 0.939844
0 0.0246094 0.914062 0.0634766 0.925977 0.0585938 0.941797 0.0197266 0.929883
0 0.476562 0.639062 0.483789 0.662695 0.405664 0.686914 0.398242 0.663281
0 0.522461 0.631836 0.605469 0.623437 0.607227 0.641797 0.524219 0.65
0 0.475586 0.635547 0.520312 0.631055 0.522266 0.652539 0.477734 0.657031
0 0.3875 0.67832 0.40332 0.683203 0.395508 0.708594 0.379688 0.703711
0 0.380859 0.709375 0.394531 0.709375 0.394531 0.754297 0.380859 0.754297
0 0.670312 0.597852 0.685547 0.609766 0.655664 0.647266 0.640625 0.635156
0 0.68457 0.59375 0.748047 0.6 0.746094 0.618945 0.682617 0.6125
0 0.852734 0.641797 0.947266 0.633203 0.949023 0.653711 0.854688 0.662109
0 0.825195 0.625 0.858203 0.638867 0.851367 0.655078 0.818359 0.641211
0 0.763672 0.617578 0.822461 0.623633 0.820312 0.644922 0.761523 0.639062
0 0.732422 0.616406 0.748047 0.603906 0.762891 0.622852 0.747461 0.635156
0 0.95332 0.638477 0.998047 0.652344 0.992773 0.669141 0.948047 0.655273
0 0.505859 0.459375 0.518945 0.458203 0.530078 0.569727 0.516992 0.570898
0 0.441602 0.290039 0.462891 0.285547 0.485742 0.398633 0.464453 0.40293
0 0.390625 0.0648438 0.407031 0.0615234 0.412109 0.0863281 0.395508 0.0898438
0 0.401367 0.0265625 0.417969 0.0316406 0.407813 0.0640625 0.391211 0.0589844
0 0.384375 0.00527344 0.402148 0.00175781 0.40625 0.021875 0.388477 0.0255859
0 0.449219 0.171094 0.464062 0.175781 0.449023 0.224219 0.43418 0.219727
