0 0.205664 0.803125 0.223828 0.805859 0.194922 0.99707 0.176758 0.994336
0 0.200195 0.732812 0.219336 0.730859 0.226172 0.799414 0.207031 0.801367
0 0.189453 0.558984 0.208984 0.559375 0.20625 0.693945 0.186719 0.693555
0 0.18418 0.699609 0.199219 0.693359 0.213477 0.726953 0.198437 0.733398
0 0.330469 0.539258 0.349805 0.543164 0.326758 0.656641 0.307617 0.652734
0 0.307812 0.655273 0.324609 0.666797 0.29043 0.716602 0.273828 0.705078
0 0.329492 0.330664 0.350195 0.328516 0.369336 0.51875 0.348633 0.520703
0 0.333984 0.532031 0.348242 0.519922 0.361719 0.535937 0.347461 0.548047
0 0.351562 0.290625 0.368164 0.301367 0.349023 0.331445 0.332227 0.320703
0 0.322852 0.168359 0.339062 0.165234 0.364844 0.292773 0.348633 0.296094
0 0.339062 0.110352 0.356055 0.115625 0.340039 0.167383 0.323047 0.162109
0 0.319727 0.0650391 0.338281 0.0591797 0.35332 0.107813 0.334766 0.113477
0 0.321875 0.00585938 0.335352 0.00722656 0.329688 0.0634766 0.316211 0.0621094
