0 0.719141 0.348828 0.742773 0.35 0.731055 0.583008 0.707617 0.581836
0 0.698242 0.275977 0.717383 0.269922 0.741797 0.349023 0.722656 0.354883
0 0.702344 0.187109 0.725781 0.189453 0.716797 0.278711 0.693359 0.276367
0 0.697852 0.0822266 0.719336 0.084375 0.709375 0.182812 0.688086 0.180664
0 0.714648 0.0357422 0.733008 0.0433594 0.712891 0.0910156 0.694336 0.0832031
0 0.723242 0 0.742773 0 0.742773 0.0453125 0.723242 0.0453125
0 0.716211 0.614258 0.742773 0.619531 0.719141 0.736523 0.692578 0.73125
0 0.713281 0.594141 0.730273 0.576562 0.758398 0.603906 0.741406 0.621484
0 0.70957 0.736133 0.733789 0.738477 0.723242 0.844141 0.698828 0.841797
0 0.658594 0.90957 0.680273 0.902734 0.707617 0.991211 0.685937 0.998047
0 0.678711 0.831055 0.695898 0.836328 0.674805 0.904883 0.657617 0.899609
