0 0.0431641 0.00214844 0.0601563 0.000585937 0.0683594 0.0804688 0.0511719 0.0822266
0 0.0541016 0.0779297 0.0740234 0.0794922 0.0625 0.223047 0.0425781 0.221484
0 0.0425781 0.225195 0.0640625 0.224805 0.0683594 0.437891 0.046875 0.438477
0 0.149023 0.89043 0.16582 0.895703 0.133984 0.998242 0.117188 0.992969
0 0.148633 0.804688 0.166211 0.805664 0.161719 0.895312 0.144141 0.894531
0 0.190039 0.688086 0.206836 0.693359 0.171094 0.805078 0.154297 0.799609
0 0.152539 0.544922 0.169922 0.541406 0.198242 0.681445 0.180859 0.684961
0 0.166016 0.454688 0.180469 0.457813 0.164062 0.539453 0.149414 0.536523
0 0.150781 0.436719 0.169922 0.426172 0.185547 0.455078 0.166406 0.465625
0 0.207031 0.221094 0.22168 0.225195 0.166992 0.430664 0.152344 0.426758
