0 0.0945312 0.549023 0.111914 0.552344 0.084375 0.688281 0.0669922 0.684766
0 0.0726563 0.689648 0.0890625 0.69668 0.0357422 0.822656 0.0193359 0.81582
0 0.0152344 0.82207 0.0341797 0.820312 0.0396484 0.875391 0.0208984 0.877344
0 0.00117187 0.902539 0.0181641 0.900781 0.0253906 0.972461 0.00839844 0.974219
0 0.0197266 0.877344 0.0318359 0.889062 0.0126953 0.908789 0.000585937 0.896875
0 0.389648 0.34375 0.39375 0.322852 0.662695 0.377344 0.658398 0.398242
0 0.457617 0.230859 0.481055 0.230859 0.481055 0.295312 0.457617 0.295312
0 0.456641 0.294141 0.473242 0.303125 0.457031 0.332813 0.44043 0.323633
0 0.37168 0.377344 0.375391 0.395508 0.239844 0.422852 0.236328 0.404883
0 0.150977 0.391016 0.239063 0.408984 0.234375 0.432422 0.146289 0.414648
