0 0.613281 0.214648 0.630859 0.213281 0.633594 0.254102 0.616211 0.255469
0 0.59082 0.116797 0.608984 0.11875 0.603516 0.174219 0.585352 0.172461
0 0.59375 0.185938 0.606836 0.177148 0.625 0.203516 0.611914 0.2125
0 0.605469 0.877344 0.623047 0.877344 0.623047 0.928125 0.605469 0.928125
0 0.663867 0.792578 0.677539 0.806445 0.641992 0.841797 0.628125 0.827734
0 0.635352 0.843164 0.647852 0.851562 0.628906 0.879297 0.616406 0.870898
0 0.00292969 0.876172 0.0755859 0.89082 0.0712891 0.911914 -0.00136719 0.897266
0 0.0947266 -0 0.107617 0.00410156 0.0925781 0.0523438 0.0796875 0.0484375
0 0 0.123047 0.0695313 0.1125 0.0724609 0.131836 0.00292969 0.142383
0 0.0710937 0.113672 0.132227 0.125977 0.12793 0.14707 0.0667969 0.134766
0 0.0521484 0.134766 0.0597656 0.152734 0.00761719 0.174805 0 0.156836
