0 0.211151 0.269476 0.391835 0.368184 0.383039 0.384284 0.202355 0.285576
0 0.391424 0.370833 0.487133 0.390235 0.484029 0.405548 0.388319 0.386147
0 0.562726 0.448738 0.551532 0.462844 0.472486 0.400118 0.483681 0.386011
0 0.639272 0.452272 0.559625 0.468417 0.555346 0.447305 0.634992 0.431159
0 0.635758 0.435312 0.712325 0.450833 0.708445 0.469975 0.631877 0.454454
0 0.790971 0.430962 0.715784 0.472037 0.706289 0.454656 0.781477 0.413581
0 0.783947 0.412709 0.842234 0.424524 0.838117 0.444831 0.779831 0.433016
0 0.916242 0.358894 0.925783 0.370917 0.842434 0.437059 0.832893 0.425036
0 0.998047 0.334596 0.927772 0.372988 0.918408 0.355847 0.988683 0.317456
0 0.080924 0.201820 0.227862 0.215080 0.226074 0.234891 0.079136 0.221631
0 0.263409 0.260884 0.247289 0.271912 0.217513 0.228388 0.233633 0.217360
0 0.019532 0.172266 0.093431 0.203510 0.083891 0.226075 0.009992 0.194831