0 0.491011 0.000049 0.508743 0.001292 0.438830 0.998418 0.421097 0.997175
0 0.446294 0.893636 0.583361 0.963262 0.571468 0.986676 0.434400 0.917050
0 0.676387 0.787066 0.698596 0.799199 0.595542 0.987838 0.573333 0.975705
0 0.931551 0.000000 0.956838 0.002537 0.938830 0.182012 0.913543 0.179475
0 0.979846 0.295293 0.953427 0.303465 0.916199 0.183115 0.942617 0.174943
0 0.948596 0.295293 0.963415 0.303389 0.925158 0.373418 0.910339 0.365322
0 0.965136 0.442839 0.946643 0.449590 0.917803 0.370585 0.936296 0.363834
0 0.925158 0.441777 0.950549 0.441777 0.950549 0.545293 0.925158 0.545293
0 0.949219 0.517949 0.997424 0.517949 0.997424 0.533574 0.949219 0.533574
0 0.904921 0.540254 0.927419 0.544116 0.890002 0.762090 0.867504 0.758228
0 0.903674 0.818730 0.932117 0.828156 0.878283 0.990605 0.849840 0.981180
0 0.706568 0.944158 0.848986 0.973027 0.843567 0.999762 0.701148 0.970893
0 0.895861 0.699590 0.920068 0.700801 0.914254 0.816986 0.890047 0.815775