0 0.927148 0.840234 0.932227 0.860352 0.733594 0.910937 0.728516 0.891016
0 0.9875 0.800586 0.997656 0.819531 0.939453 0.851367 0.929102 0.832422
0 0.822266 0.0841797 0.832227 0.0695313 0.988477 0.176563 0.978711 0.191016
0 0.578125 0.845703 0.597656 0.846875 0.588672 0.99707 0.569141 0.995898
0 0.53457 0.742578 0.552148 0.735352 0.592773 0.831641 0.575391 0.839063
0 0.491016 0.633008 0.50918 0.627344 0.542383 0.734375 0.524219 0.740039
0 0.499023 0.558008 0.524219 0.560547 0.517578 0.626563 0.492383 0.624023
0 0.513867 0.427344 0.537109 0.429688 0.524219 0.558008 0.500977 0.555664
0 0.508398 0.361328 0.52207 0.358398 0.530664 0.400781 0.516992 0.403711
0 0.601562 0.261133 0.614648 0.273828 0.530469 0.360742 0.517188 0.347852
0 0.651758 0.232813 0.660742 0.249219 0.608008 0.27793 0.599219 0.261719
0 0.653516 0.190039 0.671289 0.191797 0.666406 0.241406 0.648633 0.239648
0 0.677539 0.140039 0.69375 0.150977 0.665039 0.192969 0.649023 0.181836
0 0.648828 0.0617188 0.663477 0.0570312 0.688672 0.138086 0.673828 0.142773
0 0.620898 0.00839844 0.640039 0.00234375 0.656445 0.0550781 0.637305 0.0609375
