0 0.811310 0.368741 0.818398 0.382666 0.753994 0.415445 0.746906 0.401520
0 0.985159 0.380261 0.998047 0.391116 0.932652 0.468756 0.919764 0.457901
0 0.929063 0.470708 0.839500 0.498413 0.835460 0.485352 0.925023 0.457647
0 0.831817 0.598959 0.846573 0.601950 0.829527 0.686038 0.814771 0.683047
0 0.815046 0.675184 0.831480 0.682132 0.808004 0.737657 0.791571 0.730709
0 0.822073 0.763902 0.925230 0.834476 0.913848 0.851113 0.810691 0.780539
0 0.921561 0.828737 0.998915 0.861442 0.990549 0.881230 0.913194 0.848525
0 0.829456 0.754216 0.819376 0.766919 0.749449 0.711429 0.759529 0.698726
0 0.643980 0.693851 0.759214 0.693851 0.759214 0.711429 0.643980 0.711429
0 0.290507 0.440267 0.397727 0.473434 0.392328 0.490888 0.285108 0.457721
0 0.395933 0.479007 0.497496 0.479007 0.497496 0.498538 0.395933 0.498538
0 0.539791 0.639535 0.527841 0.649601 0.482544 0.595823 0.494495 0.585757
0 0.473067 0.629554 0.484351 0.637274 0.445752 0.693694 0.434469 0.685974
0 0.851011 0.594241 0.835249 0.599117 0.804136 0.498538 0.819899 0.493662