0 0.0423828 0.651367 0.0648438 0.650586 0.0722656 0.894922 0.0498047 0.895703
0 0.0472656 0.895117 0.0664062 0.896875 0.05625 0.997852 0.0371094 0.995898
0 0.195117 0.920703 0.210742 0.922266 0.203125 0.998047 0.1875 0.996484
0 0.0585938 0.369531 0.078125 0.372852 0.0546875 0.517969 0.0351562 0.514844
0 0.0318359 0.518359 0.0533203 0.517773 0.0558594 0.64668 0.034375 0.64707
0 0.0685547 0.27168 0.0917969 0.273828 0.0818359 0.372461 0.0585938 0.370117
0 0.0615234 0.195898 0.0832031 0.194531 0.0892578 0.279492 0.0675781 0.281055
0 0.0527344 0.000390625 0.0742188 0.000390625 0.0742188 0.185938 0.0527344 0.185938
0 0.195117 -0 0.210742 0.003125 0.183594 0.137109 0.167969 0.133984
0 0.173633 0.138477 0.184375 0.148828 0.142578 0.191797 0.131836 0.181445
0 0.0808594 0.1875 0.132617 0.176953 0.135742 0.192383 0.0839844 0.202734
