0 0.485777 0.623538 0.474708 0.629585 0.419272 0.528111 0.430341 0.522064
0 0.497734 0.666265 0.675066 0.815630 0.667418 0.824710 0.490085 0.675345
0 0.733824 0.857913 0.728074 0.872703 0.664688 0.848059 0.670437 0.833270
0 0.795232 0.926182 0.779394 0.939522 0.721892 0.871253 0.737730 0.857913
0 0.997931 0.179862 0.989683 0.191898 0.728991 0.013243 0.737239 0.001208
0 0.992274 0.310172 0.981384 0.323345 0.886168 0.244632 0.897057 0.231459
0 0.882731 0.212542 0.890226 0.227270 0.813902 0.266116 0.806406 0.251389
0 0.920928 0.146418 0.934640 0.153909 0.894376 0.227612 0.880664 0.220121
0 0.809328 0.258388 0.821949 0.271383 0.698668 0.391116 0.686046 0.378121
0 0.365218 0.158094 0.354271 0.166947 0.231333 0.014920 0.242280 0.006067
0 0.373425 0.158662 0.505308 0.229007 0.497142 0.244317 0.365259 0.173972
0 0.501499 0.228987 0.577910 0.270731 0.569761 0.285648 0.493350 0.243904
0 0.563902 0.283694 0.581480 0.283694 0.581480 0.342288 0.563902 0.342288
0 0.593538 0.370221 0.685419 0.388846 0.682703 0.402246 0.590822 0.383620
0 0.397886 0.248538 0.458433 0.248538 0.458433 0.264163 0.397886 0.264163
0 0.409058 0.247032 0.395996 0.251072 0.376949 0.189498 0.390011 0.185457
0 0.534605 0.305179 0.523245 0.319494 0.451852 0.262840 0.463212 0.248525
0 0.520741 0.314608 0.532652 0.322757 0.500593 0.369617 0.488682 0.361468
0 0.487730 0.371585 0.503355 0.371585 0.503355 0.445804 0.487730 0.445804
0 0.089987 0.025675 0.101860 0.033797 0.040464 0.123538 0.028592 0.115416
0 0.097802 0.027575 0.142500 0.032060 0.141330 0.043720 0.096632 0.039235