0 0.883594 0.0771484 0.889258 0.0589844 0.996484 0.0921875 0.99082 0.110352
0 0.654687 0.0429688 0.657031 0.0275391 0.807422 0.0517578 0.805078 0.0671875
0 0.805859 0.0761719 0.811523 0.0574219 0.875 0.0771484 0.869336 0.0957031
0 0.52207 0.0355469 0.52793 0.0548828 0.395898 0.0957031 0.390039 0.0765625
0 0.526953 0.0402344 0.614062 0.0578125 0.609961 0.0785156 0.522656 0.0609375
0 0.649023 0.0257812 0.65625 0.0429688 0.6125 0.0615234 0.605273 0.0443359
0 -0 0.0861328 0.00703125 0.0693359 0.0615234 0.0921875 0.0542969 0.10918
0 0.154883 0.0728516 0.158984 0.0917969 0.0617188 0.1125 0.0578125 0.0935547
0 0.201758 0.0492187 0.210352 0.0648438 0.164258 0.0900391 0.155859 0.0744141
0 0.209961 0.0490234 0.316992 0.053125 0.316211 0.0705078 0.20918 0.0662109
