0 0.588672 0.916797 0.603516 0.908594 0.64668 0.987695 0.631836 0.995703
0 0.606445 0.751953 0.625 0.754297 0.604883 0.907031 0.586328 0.904687
0 0.591797 0.598047 0.611328 0.598047 0.611328 0.715234 0.591797 0.715234
0 0.59043 0.724023 0.605469 0.715625 0.625586 0.752344 0.610547 0.760547
0 0.636328 0.461719 0.654297 0.465234 0.626563 0.602148 0.608594 0.598437
0 0.610742 0.301563 0.629297 0.299219 0.647656 0.451758 0.629102 0.454102
0 0.603516 0.0408203 0.622852 0.0427734 0.611133 0.159375 0.591797 0.157422
0 0.606055 0.00800781 0.619531 0.00527344 0.626953 0.0414062 0.613281 0.0443359
0 0.589648 0.166211 0.605664 0.159375 0.621094 0.195703 0.604883 0.202539
0 0.601562 0.232813 0.621094 0.232813 0.621094 0.295312 0.601562 0.295312
