0 0.480078 0.538867 0.494336 0.549219 0.431055 0.635938 0.416797 0.625586
0 0.494531 0.545508 0.507422 0.537305 0.567773 0.63125 0.554883 0.639648
0 0.485742 0.496484 0.50332 0.496484 0.50332 0.545312 0.485742 0.545312
0 0.517969 0.417773 0.532617 0.422266 0.508984 0.498828 0.494336 0.494141
0 0.536523 0.266016 0.55332 0.268945 0.532617 0.389062 0.516016 0.386328
0 0.515039 0.391016 0.526953 0.3875 0.536523 0.418359 0.524609 0.42207
0 0.550195 0.176172 0.566211 0.180469 0.555664 0.220508 0.539648 0.216211
0 0.583789 0.0443359 0.599023 0.0472656 0.572852 0.177148 0.557422 0.174023
0 0.530859 0.226172 0.542383 0.225 0.546289 0.263672 0.534766 0.264844
0 0.573242 0.208789 0.588672 0.217188 0.560547 0.26875 0.545117 0.260156
0 0.593164 0.154688 0.607812 0.160938 0.586914 0.210547 0.572266 0.204297
0 0.622461 0.103906 0.635938 0.108203 0.619727 0.160742 0.60625 0.156641
0 0.620508 0.0511719 0.636133 0.0511719 0.636133 0.109766 0.620508 0.109766
0 0.621289 0.000585937 0.638867 0.00234375 0.63418 0.0492187 0.616602 0.0474609
