0 0.922461 0.0511719 0.941992 0.0511719 0.941992 0.314844 0.922461 0.314844
0 0.938281 0.00351563 0.957617 0.0140625 0.937891 0.0501953 0.918555 0.0394531
0 0.960352 0.318555 0.981055 0.324609 0.950586 0.426953 0.929883 0.420703
0 0.95625 0.257617 0.979688 0.255273 0.986328 0.321484 0.962891 0.323828
0 0.937109 0.428711 0.958398 0.427734 0.961523 0.504297 0.940234 0.505273
0 0.929688 0.516992 0.951953 0.510156 0.969922 0.567969 0.947461 0.574805
0 0.941992 0.574609 0.961523 0.574609 0.961523 0.674219 0.941992 0.674219
0 0.94043 0.689258 0.957227 0.68418 0.977148 0.748437 0.960352 0.753711
0 0.95957 0.752344 0.979102 0.75625 0.971875 0.791602 0.952344 0.7875
0 0.952734 0.798438 0.973242 0.792188 0.998047 0.872461 0.977539 0.878711
0 0.980664 0.869141 0.99668 0.875977 0.967773 0.944336 0.951758 0.9375
0 0.950977 0.942578 0.970313 0.940625 0.975977 0.996875 0.956641 0.998828
