0 0.158398 0.910352 0.17793 0.910937 0.175391 0.996875 0.155859 0.996289
0 0.195898 0.811328 0.215625 0.81875 0.180859 0.911523 0.161133 0.904102
0 0.186328 0.6625 0.206055 0.661523 0.213281 0.806445 0.193555 0.807422
0 0.166797 0.598047 0.186719 0.591992 0.20625 0.655469 0.186523 0.661719
0 0.162891 0.496484 0.186328 0.496484 0.186328 0.594141 0.162891 0.594141
0 0.170313 0 0.189648 0.00390625 0.16875 0.106836 0.149414 0.10293
0 0.145703 0.120898 0.164648 0.115039 0.188281 0.191797 0.169336 0.197656
0 0.168359 0.195117 0.186914 0.19707 0.180469 0.260156 0.162109 0.258398
0 0.155859 0.265234 0.175 0.261328 0.188281 0.326562 0.168945 0.330469
0 0.163281 0.331641 0.183594 0.333594 0.176563 0.402734 0.156445 0.400781
0 0.151172 0.457031 0.16875 0.451562 0.181445 0.492383 0.163672 0.497852
0 0.157227 0.400781 0.178516 0.402734 0.173437 0.454688 0.152148 0.452539
