0 0.494997 0.173608 0.514013 0.175516 0.503355 0.281741 0.484339 0.279833
0 0.558260 0.031912 0.571489 0.037505 0.511167 0.180179 0.497939 0.174586
0 0.503355 0.408694 0.485731 0.410463 0.472948 0.283067 0.490573 0.281299
0 0.656070 0.163833 0.644398 0.164887 0.635797 0.069571 0.647468 0.068518
0 0.662819 0.000000 0.677747 0.004414 0.656391 0.073452 0.641464 0.068834
0 0.453648 0.510272 0.693225 0.524663 0.692080 0.543727 0.452503 0.529335
0 0.370543 0.516116 0.458433 0.516116 0.458433 0.537601 0.370543 0.537601
0 0.369581 0.525047 0.278746 0.543460 0.274645 0.523229 0.365480 0.504816
0 0.261747 0.512606 0.159511 0.527013 0.156978 0.509039 0.259214 0.494632
0 0.290409 0.531320 0.270933 0.539554 0.257237 0.507158 0.276712 0.498924
0 0.081480 0.498538 0.157652 0.498538 0.157652 0.512210 0.081480 0.512210
0 0.112462 0.437587 0.126066 0.438952 0.114951 0.549724 0.101348 0.548359
0 0.169792 0.588354 0.156347 0.599678 0.112309 0.547394 0.125753 0.536070
0 0.156199 0.391852 0.167085 0.403061 0.127855 0.441162 0.116969 0.429953
0 0.007261 0.473147 0.044371 0.473147 0.044371 0.486819 0.007261 0.486819