0 0.00078125 0.110156 0.009375 0.0943359 0.0878906 0.137109 0.0791016 0.15293
0 0.0822266 0.135937 0.151953 0.142969 0.149805 0.163086 0.0802734 0.15625
0 0.149609 0.133203 0.264258 0.12168 0.266406 0.143164 0.151758 0.154688
0 0.258203 0.16543 0.262109 0.146094 0.363281 0.166406 0.359375 0.185742
0 0.384766 0.215234 0.388086 0.198633 0.470703 0.215234 0.467187 0.232031
0 0.357812 0.176758 0.373047 0.170313 0.387891 0.205859 0.372852 0.212305
0 0.482812 0.215039 0.558398 0.200391 0.562305 0.221289 0.486719 0.235742
0 0.792969 0.197656 0.795703 0.216211 0.667969 0.235547 0.665234 0.216992
0 0.610742 0.216602 0.617188 0.201563 0.664453 0.22168 0.658008 0.236523
0 0.564453 0.209375 0.611328 0.209375 0.611328 0.226953 0.564453 0.226953
