0 0.854102 0.926172 0.868555 0.923242 0.883008 0.994531 0.868555 0.997461
0 0.813086 0.789453 0.830078 0.787891 0.841797 0.903711 0.824805 0.905469
0 0.828711 0.903711 0.841406 0.891211 0.867773 0.918359 0.855078 0.930859
0 0.786914 0.778906 0.799414 0.764062 0.822461 0.783594 0.809961 0.798242
0 0.775977 0.674219 0.799414 0.674219 0.799414 0.760156 0.775977 0.760156
0 0.757617 0.566797 0.775977 0.564844 0.787305 0.677344 0.768945 0.679102
0 0.747852 0.520508 0.766992 0.516602 0.776758 0.564453 0.757617 0.568359
0 0.758398 0.398242 0.77793 0.400195 0.766211 0.516797 0.74668 0.514844
0 0.762695 0.24082 0.781836 0.242578 0.766016 0.399414 0.746875 0.397461
0 0.674414 0.00234375 0.691406 0.00078125 0.695898 0.0453125 0.678906 0.0470703
0 0.69668 0.0525391 0.716211 0.0505859 0.726367 0.151562 0.706836 0.153516
0 0.714258 0.162109 0.725586 0.154297 0.77793 0.230859 0.766602 0.238672
0 0.953711 0.129297 0.964258 0.151367 0.791406 0.234961 0.780664 0.212891
