0 0.967578 0.82793 0.986328 0.829883 0.975391 0.937891 0.956641 0.936133
0 0.959961 0.92793 0.975977 0.939063 0.936328 0.99707 0.920117 0.985938
0 0.975391 0.769922 0.992578 0.773438 0.982227 0.824023 0.965234 0.820508
0 0.960547 0.706641 0.978125 0.704883 0.984375 0.766992 0.966797 0.76875
0 0.983594 0.644141 0.996484 0.65293 0.961719 0.703516 0.948828 0.694727
0 0.942773 0.703125 0.956445 0.704492 0.951562 0.75293 0.937891 0.751563
0 0.951172 0.3875 0.954688 0.405273 0.850195 0.426367 0.846484 0.408594
0 0.732422 0.411328 0.813281 0.394922 0.816992 0.412695 0.736133 0.429102
0 0.823828 0.397461 0.840625 0.406641 0.832812 0.421094 0.81582 0.411914
0 0.991797 0.360547 0.997656 0.374609 0.957812 0.391406 0.951953 0.377344
