0 0.839844 0.6625 0.863281 0.6625 0.863281 0.910547 0.839844 0.910547
0 0.844336 0.00214844 0.861328 0.000585937 0.867188 0.0570312 0.85 0.0587891
0 0.820312 0.119531 0.835938 0.119531 0.835938 0.275781 0.820312 0.275781
0 0.856641 0.0542969 0.874609 0.0619141 0.846484 0.12832 0.82832 0.120703
0 0.831836 0.611523 0.849609 0.607812 0.859766 0.658594 0.841992 0.662109
0 0.842187 0.529883 0.861328 0.533594 0.845313 0.612695 0.826172 0.608789
0 0.837891 0.310937 0.858594 0.306836 0.878906 0.406641 0.858008 0.410938
0 0.818555 0.281445 0.836328 0.273828 0.849609 0.305078 0.831641 0.312695
0 0.856836 0.452734 0.876172 0.450781 0.88125 0.501367 0.861914 0.50332
0 0.864453 0.494531 0.882812 0.50625 0.863867 0.535742 0.845703 0.523828
0 0.863477 0.408203 0.882617 0.408203 0.882617 0.451758 0.863477 0.451758
