0 0.730859 0.35 0.751367 0.351953 0.733789 0.528516 0.713086 0.526563
0 0.7125 0.536523 0.730078 0.524609 0.770898 0.584375 0.753516 0.596484
0 0.753711 0.597266 0.771875 0.591602 0.798633 0.678125 0.780469 0.683789
0 0.780078 0.683594 0.795898 0.688477 0.782617 0.730859 0.766992 0.725977
0 0.719727 0.320703 0.733789 0.312891 0.752734 0.347461 0.738477 0.355273
0 0.742773 0.222461 0.75957 0.227344 0.734766 0.313672 0.717773 0.308789
0 0.763086 0.0375 0.781836 0.0478516 0.723242 0.155273 0.704492 0.144922
0 0.704492 0.154688 0.724023 0.154688 0.724023 0.205469 0.704492 0.205469
0 0.22168 0.814648 0.325586 0.803125 0.327734 0.821484 0.223633 0.833008
0 0.167383 0.799219 0.218164 0.799219 0.218164 0.816797 0.167383 0.816797
