0 0.322266 0.836328 0.328125 0.855859 0.237305 0.883984 0.23125 0.864453
0 0.00136719 0.860156 0.0101563 0.844141 0.0566406 0.869531 0.0478516 0.885547
0 0.0539063 0.873633 0.157617 0.883984 0.15625 0.898828 0.0523438 0.888477
0 0.183594 0.855859 0.235156 0.861133 0.233203 0.880469 0.181641 0.875195
0 0.15625 0.875391 0.178906 0.863086 0.1875 0.878906 0.164844 0.891211
0 0.469727 0.890234 0.539062 0.883203 0.540625 0.899414 0.471289 0.906445
0 0.36875 0.858594 0.376953 0.840234 0.474219 0.883789 0.466016 0.902148
0 0.325391 0.835742 0.377734 0.841016 0.375586 0.8625 0.323242 0.857227
0 0.623047 0.906641 0.695703 0.914062 0.693945 0.931055 0.621289 0.923828
0 0.688477 0.938867 0.693359 0.922656 0.78125 0.949609 0.776172 0.966016
