0 0.879492 0.906641 0.998437 0.91875 0.996875 0.934961 0.87793 0.923047
0 0.816992 0.904687 0.873633 0.904687 0.873633 0.922266 0.816992 0.922266
0 0.774023 0.889062 0.82207 0.898828 0.818555 0.916406 0.770508 0.906641
0 0.768555 0.899219 0.773242 0.914258 0.722852 0.929883 0.718164 0.914844
0 0.616602 0.903516 0.62168 0.887109 0.723437 0.91875 0.718359 0.934961
0 0.556445 0.888086 0.612891 0.882422 0.614648 0.9 0.558203 0.905664
0 0.423242 0.878711 0.555859 0.887891 0.554492 0.907422 0.421875 0.898242
0 0.105664 0.842773 0.107227 0.827344 0.290039 0.845703 0.288477 0.861133
0 0.324805 0.867578 0.417187 0.876953 0.415625 0.893359 0.323242 0.88418
0 0.289062 0.858398 0.297461 0.842773 0.334766 0.863281 0.326367 0.878711
0 -0 0.810937 0.0757812 0.80332 0.0775391 0.820898 0.00175781 0.828516
