0 0.000195313 0.484375 0.179492 0.473633 0.180664 0.493164 0.00136719 0.503906
0 0.488672 0.570703 0.49375 0.551758 0.644727 0.591992 0.639648 0.610938
0 0.179492 0.497461 0.190234 0.477734 0.260547 0.516016 0.249805 0.535937
0 0.253906 0.535547 0.266016 0.520703 0.32207 0.56582 0.309961 0.580859
0 0.332031 0.560937 0.40918 0.576562 0.405664 0.59375 0.328516 0.578125
0 0.48457 0.558984 0.489844 0.575781 0.411523 0.6 0.40625 0.583398
0 0.680469 0.590234 0.827539 0.605078 0.825781 0.623828 0.678516 0.608984
0 0.633984 0.603516 0.678711 0.589648 0.683984 0.606445 0.639258 0.620313
0 0.915625 0.596289 0.92207 0.616797 0.84375 0.641016 0.837305 0.620508
0 0.927734 0.596875 0.993945 0.603516 0.991797 0.624805 0.925586 0.618164
