0 0.886719 0.832617 0.89043 0.814844 0.997852 0.836719 0.994141 0.854297
0 0.891016 0.815039 0.895117 0.836133 0.778516 0.859766 0.774219 0.838672
0 0.642383 0.833984 0.646289 0.814844 0.770117 0.840039 0.766211 0.85918
0 0.515234 0.820117 0.645898 0.817578 0.646484 0.841016 0.515625 0.843555
0 0.585156 0.771875 0.59043 0.784375 0.504102 0.820898 0.498828 0.808398
0 0.583008 0.788477 0.590625 0.774805 0.646289 0.805078 0.638672 0.818945
0 0.568945 0.157227 0.573633 0.174023 0.342383 0.238086 0.337695 0.221094
0 0.249805 0.213281 0.341602 0.213281 0.341602 0.234766 0.249805 0.234766
0 0.00371094 0.213281 0.173633 0.213281 0.173633 0.232813 0.00371094 0.232813
0 0.568945 0.157227 0.624805 0.168359 0.620898 0.187695 0.565234 0.176367
0 0.704883 0.133203 0.710352 0.150977 0.62793 0.176563 0.622266 0.158789
0 0.743555 0.148047 0.89082 0.162891 0.888477 0.185938 0.741211 0.171289
0 0.705664 0.153125 0.713477 0.139063 0.745898 0.156641 0.738086 0.170898
