0 0.575621 0.857913 0.640074 0.857913 0.640074 0.875491 0.575621 0.875491
0 0.495543 0.844241 0.427451 0.858044 0.424243 0.842217 0.492334 0.828415
0 0.493234 0.842480 0.541806 0.863015 0.534960 0.879206 0.486389 0.858670
0 0.334350 0.823971 0.427631 0.833330 0.426267 0.846934 0.332985 0.837574
0 0.270933 0.826663 0.339293 0.826663 0.339293 0.842288 0.270933 0.842288
0 0.275349 0.827768 0.264793 0.841070 0.231871 0.814944 0.242426 0.801643
0 0.186949 0.803226 0.237730 0.803226 0.237730 0.818851 0.186949 0.818851
0 0.114269 0.806447 0.171324 0.830569 0.166455 0.842086 0.109400 0.817964
0 0.187888 0.805633 0.199336 0.820059 0.171324 0.842288 0.159876 0.827862
0 0.001402 0.820804 0.075621 0.820804 0.075621 0.838382 0.001402 0.838382
0 0.123328 0.819335 0.071645 0.829812 0.068929 0.816413 0.120612 0.805936