0 0.510938 0.00527344 0.526172 0.00371094 0.53457 0.0882813 0.519336 0.0898438
0 0.51582 0.0888672 0.53125 0.09375 0.518945 0.133203 0.503516 0.128516
0 0.505469 0.144922 0.516016 0.138086 0.554102 0.197656 0.543555 0.204492
0 0.54082 0.213672 0.555078 0.213086 0.560547 0.324023 0.546289 0.324609
0 0.734375 0.182031 0.814844 0.198242 0.811328 0.21543 0.731055 0.199219
0 0.750977 0.00507813 0.755078 -0.00800781 0.824023 0.0134766 0.820117 0.0265625
0 0.636133 0.182031 0.638867 0.195703 0.564648 0.210938 0.561914 0.197266
0 0.499414 0.191797 0.551172 0.19707 0.549414 0.212695 0.497852 0.207617
0 0.545117 0.334375 0.562109 0.331445 0.57168 0.387109 0.554688 0.390039
0 0.478125 0.388867 0.811914 0.395508 0.811719 0.410352 0.47793 0.403711
