0 0.636914 0.0648438 0.640625 0.0472656 0.794922 0.0787109 0.791211 0.0962891
0 0.793945 0.100391 0.802734 0.084375 0.846289 0.108398 0.837695 0.124219
0 0.843164 0.113281 0.896484 0.107813 0.897656 0.121289 0.844531 0.126758
0 0.933203 0.0775391 0.998828 0.0841797 0.99707 0.100781 0.931641 0.0941406
0 0.922266 0.084375 0.931641 0.0980469 0.905859 0.11582 0.896484 0.101953
0 0.108594 0.0238281 0.112305 0.00507813 0.244141 0.0316406 0.240234 0.0505859
0 0.287109 0.0121094 0.295703 0.028125 0.250586 0.0529297 0.241797 0.0369141
0 0.570312 0.0472656 0.636719 0.0433594 0.637891 0.0626953 0.571484 0.0666016
0 0.484375 0.0257812 0.492773 0.00585938 0.571484 0.0392578 0.563086 0.0591797
0 0.464453 0.0136719 0.477344 0.00117187 0.493164 0.0171875 0.480078 0.0296875
0 0.415039 0 0.418555 0.0171875 0.329492 0.0353516 0.326172 0.0179687
0 0.300781 0.0140625 0.332617 0.0173828 0.331055 0.0320312 0.299219 0.0289063
0 0.421875 0.000390625 0.464844 0.000390625 0.464844 0.0140625 0.421875 0.0140625
