0 0.772461 0.0455078 0.788672 0.0476562 0.773828 0.160742 0.757812 0.158594
0 0.769531 0.000390625 0.787109 0.000390625 0.787109 0.0453125 0.769531 0.0453125
0 0.75918 0.183203 0.773242 0.184766 0.767578 0.242578 0.75332 0.241211
0 0.75 0.164453 0.769336 0.160547 0.773438 0.180078 0.753906 0.18418
0 0.811719 0.296094 0.82793 0.30293 0.787695 0.398242 0.771484 0.391406
0 0.771484 0.396289 0.791992 0.398242 0.785156 0.467187 0.764453 0.465234
0 0.769531 0.473047 0.789062 0.473047 0.789062 0.660547 0.769531 0.660547
0 0.792969 0.902734 0.813086 0.904883 0.804883 0.9875 0.78457 0.985547
0 0.779297 0.857422 0.796875 0.851953 0.811328 0.898828 0.79375 0.904102
0 0.806055 0.675586 0.822852 0.680859 0.797461 0.762891 0.780664 0.757617
0 0.806641 0.637109 0.822852 0.635547 0.827148 0.679102 0.810937 0.680859
0 0.816406 0.599023 0.828125 0.603906 0.816992 0.630078 0.805273 0.625
0 0.784961 0.765234 0.802344 0.763477 0.810547 0.845117 0.793164 0.846875
