0 0.00292969 0.397656 0.147266 0.40918 0.145703 0.428906 0.00136719 0.417383
0 0.229297 0.400781 0.235937 0.380859 0.449219 0.451562 0.442578 0.471484
0 0.451562 0.447266 0.703906 0.432031 0.705078 0.451758 0.452734 0.466992
0 0.841797 0.403125 0.848437 0.426172 0.714453 0.464844 0.707812 0.441602
0 0.850781 0.398438 0.930469 0.414453 0.927148 0.43125 0.847461 0.415234
0 0.932422 0.408594 0.996875 0.402148 0.998828 0.420898 0.934375 0.427344
0 0.0886719 0.357812 0.10293 0.369336 0.0708984 0.409766 0.0566406 0.398438
0 0.105469 0.355859 0.182422 0.348047 0.184375 0.366406 0.107422 0.374219
0 0.191602 0.351562 0.23457 0.364844 0.229883 0.379883 0.187109 0.366602
0 0.167578 0.385156 0.223047 0.374023 0.226562 0.391211 0.171094 0.402344
