0 0.699609 0.00371094 0.716992 0.00527344 0.708984 0.0863281 0.691602 0.0847656
0 0.666016 0.189844 0.683594 0.189844 0.683594 0.305078 0.666016 0.305078
0 0.661328 0.102344 0.680273 0.106836 0.668164 0.156445 0.649219 0.151758
0 0.647266 0.158203 0.664453 0.150977 0.677734 0.182031 0.660547 0.189258
0 0.691406 0.0824219 0.699414 0.0945312 0.676758 0.109961 0.668555 0.0980469
0 0.661914 0.392969 0.680078 0.387109 0.707031 0.471094 0.688867 0.476953
0 0.685547 0.475 0.703125 0.475 0.703125 0.566797 0.685547 0.566797
0 0.656641 0.341992 0.673828 0.340234 0.67793 0.382422 0.660937 0.38418
0 0.661914 0.301563 0.679688 0.308984 0.662695 0.348828 0.645117 0.341406
0 0.853125 0.925195 0.933594 0.933203 0.931836 0.95 0.851562 0.941797
0 0.737109 0.891211 0.752148 0.875977 0.799805 0.92207 0.784766 0.9375
0 0.795898 0.917578 0.852344 0.923242 0.850391 0.942773 0.793945 0.937109
