0 0.0214844 0.289453 0.0996094 0.289453 0.0996094 0.310937 0.0214844 0.310937
0 0.0984375 0.308984 0.105469 0.292187 0.164062 0.316797 0.156836 0.333789
0 0.15625 0.312891 0.238281 0.312891 0.238281 0.332422 0.15625 0.332422
0 0.244141 0.301172 0.30957 0.301172 0.30957 0.317578 0.244141 0.317578
0 0.341797 0.31875 0.349023 0.301367 0.441406 0.340234 0.433984 0.357812
0 0.316406 0.307031 0.347656 0.307031 0.347656 0.326562 0.316406 0.326562
0 0.455078 0.340234 0.521484 0.340234 0.521484 0.355859 0.455078 0.355859
0 0.683008 0.313477 0.685352 0.328516 0.528906 0.352148 0.526758 0.337109
0 0.686523 0.319336 0.759766 0.326562 0.758203 0.341016 0.684961 0.333789
0 0.791016 0.305078 0.797266 0.316797 0.765234 0.334375 0.758789 0.322656
