0 0.439063 0.00234375 0.460547 0.00175781 0.465625 0.261719 0.444336 0.262109
0 0.432227 0.328516 0.452148 0.330469 0.436914 0.482617 0.416992 0.480469
0 0.447461 0.262891 0.464844 0.266406 0.451562 0.331445 0.43418 0.32793
0 0.574219 0.899023 0.592773 0.900781 0.583008 0.998047 0.564453 0.996094
0 0.582422 0.316406 0.606445 0.31875 0.586328 0.518164 0.5625 0.51582
0 0.553125 0.618945 0.572656 0.616992 0.583008 0.719141 0.563281 0.721289
0 0.56543 0.719727 0.582031 0.723242 0.569336 0.785547 0.552734 0.782227
0 0.563477 0.795312 0.583203 0.797461 0.579102 0.838281 0.559375 0.836328
0 0.561523 0.842969 0.582617 0.838867 0.594727 0.898047 0.573633 0.902344
0 0.562305 0.518945 0.582227 0.514844 0.594727 0.576562 0.574805 0.580664
0 0.574023 0.582227 0.588867 0.590234 0.571875 0.621484 0.557031 0.613477
