0 0.00175781 0.762891 0.00507813 0.746094 0.479102 0.842187 0.475781 0.858984
0 0.374609 0.619922 0.391211 0.621484 0.382227 0.711719 0.36543 0.709961
0 0.360352 0.565234 0.381445 0.560937 0.393164 0.618555 0.37207 0.622852
0 0.407617 0.437305 0.432227 0.445703 0.391211 0.565625 0.366406 0.557227
0 0.404102 0.332031 0.427734 0.329492 0.438086 0.432031 0.414258 0.43457
0 0.429492 0.220117 0.451758 0.226953 0.418945 0.333203 0.39668 0.326172
0 0.422461 0.175195 0.445898 0.170313 0.457227 0.225781 0.433789 0.230664
0 0.42832 0.0707031 0.451758 0.0707031 0.451758 0.168359 0.42832 0.168359
0 0.37207 0.719922 0.386328 0.715625 0.404883 0.775781 0.390625 0.780273
0 0.383398 0.78418 0.398242 0.788672 0.387305 0.824219 0.372461 0.819531
0 0.495117 0.0544922 0.660742 0.0609375 0.659961 0.0820312 0.494336 0.0753906
0 0.665625 0.0673828 0.738867 0.0746094 0.737109 0.0914062 0.664062 0.0839844
0 0.739844 0.0785156 0.819531 0.0865234 0.817773 0.104102 0.738281 0.0960938
0 0.819727 0.107422 0.825195 0.0898438 0.93418 0.123438 0.928711 0.141211
0 0.391406 0.00898437 0.402344 -0.00722656 0.492578 0.0544922 0.481641 0.0707031
