0 0.374805 0.920508 0.37793 0.904687 0.760352 0.982227 0.757031 0.998047
0 0.850977 0.892773 0.872266 0.888086 0.888672 0.961523 0.867383 0.966211
0 0.848633 0.732812 0.874023 0.732812 0.874023 0.885156 0.848633 0.885156
0 0.889453 0.488281 0.913672 0.485938 0.924805 0.596094 0.900391 0.598633
0 0.926758 0.361719 0.949023 0.36875 0.912695 0.486133 0.89043 0.479297
0 0.918945 0.236719 0.944336 0.236719 0.944336 0.361719 0.918945 0.361719
0 0.899414 0.59668 0.916602 0.6 0.895898 0.701367 0.878711 0.697852
0 0.87793 0.689063 0.894922 0.705469 0.867578 0.733789 0.850586 0.717187
0 0.772461 0.111719 0.856445 0.111719 0.856445 0.129297 0.772461 0.129297
0 0.900977 0.169727 0.90918 0.154688 0.996289 0.202344 0.988086 0.217383
0 0.850586 0.121094 0.864258 0.107813 0.910937 0.156055 0.897266 0.169141
0 0.00351563 0.937891 0.141602 0.951562 0.139648 0.971094 0.0015625 0.957422
0 0.228711 0.978125 0.32793 0.968164 0.329883 0.987695 0.230664 0.997656
0 0.145508 0.954492 0.15332 0.935937 0.23125 0.968945 0.223438 0.987305
0 0.00175781 0.00859375 0.0576172 0.0140625 0.0558594 0.0316406 -0 0.0261719
0 0.157227 0.103516 0.159961 0.0861328 0.274023 0.103516 0.271484 0.120703
