0 0.113223 0.855183 0.010126 0.864486 0.008722 0.848925 0.111818 0.839621
0 0.159599 0.819044 0.165464 0.830569 0.112914 0.857316 0.107048 0.845791
0 0.206480 0.762210 0.370543 0.762210 0.370543 0.775882 0.206480 0.775882
0 0.518632 0.723829 0.409605 0.766116 0.404409 0.752720 0.513437 0.710433
0 0.368589 0.748538 0.407652 0.748538 0.407652 0.766116 0.368589 0.766116
0 0.551051 0.656951 0.565554 0.664874 0.532652 0.725101 0.518149 0.717178
0 0.563207 0.676053 0.695333 0.690645 0.694088 0.701917 0.561962 0.687324
0 0.571298 0.579799 0.583433 0.586429 0.550800 0.646164 0.538665 0.639534
0 0.736026 0.613384 0.742804 0.623940 0.694761 0.654788 0.687983 0.644232
0 0.737087 0.659590 0.743590 0.672366 0.694820 0.697188 0.688317 0.684412
0 0.927415 0.556774 0.934502 0.570699 0.868358 0.604365 0.861270 0.590439
0 0.933233 0.549478 0.993206 0.568030 0.987724 0.585753 0.927751 0.567201