0 0.062050 0.043698 0.208800 0.053987 0.207356 0.074586 0.060605 0.064297
0 0.226500 0.071837 0.427672 0.071837 0.427672 0.087462 0.226500 0.087462
0 0.431578 0.060119 0.501890 0.060119 0.501890 0.077697 0.431578 0.077697
0 0.556814 0.032560 0.509703 0.069884 0.501358 0.059351 0.548469 0.022027
0 0.548765 0.011290 0.755797 0.011290 0.755797 0.034728 0.548765 0.034728
0 0.992580 0.034394 0.838777 0.046724 0.837372 0.029203 0.991176 0.016872
0 0.836988 0.032438 0.828062 0.044659 0.783647 0.012221 0.792573 0.000000
0 0.788648 0.014933 0.761656 0.040587 0.751994 0.030422 0.778986 0.004767
0 0.789000 0.948791 0.718295 0.953748 0.717197 0.938090 0.787902 0.933133
0 0.998589 0.973108 0.935484 0.985900 0.931995 0.968685 0.995099 0.955893
0 0.851500 0.937072 0.928422 0.962563 0.922626 0.980053 0.845704 0.954562
0 0.324156 0.862853 0.343687 0.862853 0.343687 0.999572 0.324156 0.999572
0 0.353834 0.862612 0.336606 0.866104 0.327681 0.822078 0.344909 0.818586
0 0.335875 0.763244 0.351500 0.763244 0.351500 0.821837 0.335875 0.821837
0 0.512577 0.886938 0.596825 0.904016 0.593687 0.919494 0.509440 0.902416