0 0.775781 0.475586 0.791406 0.486914 0.703906 0.606836 0.688281 0.595508
0 0.830859 0.445703 0.84043 0.463281 0.786133 0.492969 0.776563 0.475391
0 0.692578 0.604688 0.699805 0.626172 0.587695 0.664648 0.580273 0.643164
0 0.568945 0.654687 0.58418 0.667578 0.478906 0.792578 0.463672 0.779687
0 0.432422 0.875391 0.445312 0.886328 0.354102 0.994531 0.341211 0.983789
0 0.439063 0.874609 0.467773 0.86875 0.470898 0.88418 0.442188 0.890039
0 0.459766 0.842187 0.475391 0.842187 0.475391 0.869531 0.459766 0.869531
0 0.469141 0.79375 0.485156 0.795312 0.481055 0.837109 0.464844 0.835547
0 0.894922 0.1625 0.908203 0.168164 0.860156 0.281641 0.846875 0.276172
0 0.850391 0.294531 0.867188 0.299609 0.844727 0.372461 0.82793 0.367188
