0 0.609961 0.900195 0.627344 0.901953 0.617969 0.995313 0.600586 0.993555
0 0.591602 0.828516 0.607812 0.824609 0.625195 0.895508 0.608984 0.899609
0 0.607422 0.734766 0.626758 0.738672 0.608789 0.827148 0.589453 0.823242
0 0.638672 0.691406 0.653125 0.701367 0.624414 0.743164 0.609961 0.733203
0 0.641406 0.575 0.658008 0.576562 0.646484 0.69043 0.630078 0.688672
0 0.608398 0.463086 0.626758 0.459375 0.649414 0.571289 0.631055 0.575
0 0.591602 0.236719 0.611133 0.236719 0.611133 0.457422 0.591602 0.457422
0 0.64043 0.146875 0.655273 0.15332 0.619531 0.237695 0.604688 0.231445
0 0.625195 0.0609375 0.644336 0.0589844 0.652734 0.14375 0.633594 0.145703
0 0.585742 0.00683594 0.602148 -0 0.622852 0.0490234 0.606445 0.0558594
