0 0.594922 0.241211 0.613477 0.246875 0.569141 0.390625 0.550391 0.384766
0 0.545898 0.396094 0.562305 0.386914 0.630859 0.512109 0.614258 0.521289
0 0.8625 0.554688 0.969531 0.543945 0.971289 0.561523 0.864258 0.572266
0 0.555664 0.376172 0.559375 0.394531 0.44707 0.417187 0.443359 0.398828
0 0.390625 0.387109 0.447461 0.398633 0.444336 0.414062 0.3875 0.402539
0 0.0625 0.293359 0.166016 0.304883 0.164062 0.323242 0.0603516 0.311719
0 0.270313 0.366602 0.339844 0.373437 0.338281 0.389062 0.26875 0.382227
0 0.240039 0.351367 0.253906 0.340234 0.274219 0.366211 0.260352 0.377148
0 0.0167969 0.298438 0.046875 0.285547 0.053125 0.300781 0.0232422 0.313477
0 0.208984 0.330078 0.220508 0.316406 0.252148 0.342969 0.24043 0.356641
