0 0.676367 0.886719 0.693359 0.883203 0.71582 0.994531 0.698828 0.998047
0 0.423828 0.180078 0.441406 0.180078 0.441406 0.353906 0.423828 0.353906
0 0.625195 0.675195 0.645703 0.664648 0.702734 0.777148 0.682227 0.787695
0 0.689844 0.841211 0.710938 0.848047 0.69668 0.891211 0.675586 0.88418
0 0.688281 0.79043 0.703906 0.788867 0.709961 0.849219 0.694336 0.850781
0 0.630859 0.471094 0.649023 0.473047 0.634766 0.615625 0.616406 0.613867
0 0.620898 0.617773 0.640625 0.615625 0.645898 0.669531 0.626172 0.671484
0 0.563281 0.303516 0.578125 0.293359 0.629492 0.368555 0.614844 0.378711
0 0.628906 0.404687 0.646484 0.404687 0.646484 0.471094 0.628906 0.471094
0 0.616992 0.374609 0.632227 0.369922 0.642578 0.402734 0.627148 0.407617
0 0.633008 0.105078 0.646289 0.117969 0.551367 0.215625 0.538086 0.202734
0 0.671484 0.0267578 0.691406 0.0375 0.648828 0.115234 0.629102 0.104297
