0 0.832422 0.686328 0.835938 0.703516 0.692187 0.732812 0.688672 0.71543
0 0.833203 0.685937 0.912109 0.69375 0.909961 0.714258 0.831055 0.706445
0 0.932813 0.655273 0.947266 0.664453 0.917383 0.710938 0.90293 0.701758
0 0.939453 0.644922 0.994922 0.633789 0.999219 0.655273 0.94375 0.666406
0 0.54043 0.69375 0.702148 0.682422 0.703516 0.701758 0.541797 0.713086
0 0.367188 0.752344 0.383789 0.765625 0.333984 0.828516 0.317188 0.81543
0 0.416016 0.717187 0.430273 0.734375 0.385547 0.77207 0.371094 0.755078
0 0.476562 0.701562 0.481641 0.718359 0.426367 0.735352 0.421094 0.71875
0 0.503906 0.683984 0.511719 0.698438 0.481836 0.714844 0.474023 0.700391
0 0.507812 0.687109 0.542188 0.694141 0.539062 0.709375 0.504687 0.702539
