0 0.889258 0.0472656 0.891016 0.0640625 0.691406 0.0839844 0.689648 0.0673828
0 0.936133 0.113672 0.995117 0.101758 0.998242 0.117383 0.939258 0.129297
0 0.894531 0.0957031 0.9375 0.108984 0.932813 0.124023 0.889844 0.110742
0 0.03125 0.154297 0.0339844 0.134961 0.20625 0.15918 0.203516 0.178516
0 0.00371094 0.149414 0.0277344 0.144531 0.0318359 0.164453 0.0078125 0.169336
0 0.47207 0.144727 0.475586 0.161914 0.335742 0.190234 0.332227 0.173047
0 0.620703 0.119922 0.670312 0.110352 0.673633 0.128516 0.624219 0.137891
0 0.563086 0.115625 0.621484 0.115625 0.621484 0.133398 0.563086 0.133398
0 0.556641 0.132227 0.562305 0.150977 0.489648 0.173437 0.483789 0.154688
0 0.219336 0.197656 0.322852 0.197656 0.322852 0.217188 0.219336 0.217188
