0 0.612305 0.591602 0.71875 0.576562 0.72168 0.597461 0.615234 0.6125
0 0.79375 0.644336 0.802734 0.63125 0.866211 0.674805 0.857422 0.687891
0 0.743945 0.61582 0.751172 0.598633 0.799023 0.61875 0.791797 0.635938
0 0.872656 0.664844 0.925 0.675391 0.921484 0.693359 0.868945 0.682813
0 0.558594 0.590234 0.605469 0.585547 0.607422 0.603906 0.560352 0.608789
0 0.440625 0.589063 0.506641 0.583203 0.508398 0.600781 0.442188 0.606836
0 0.714648 0.591406 0.720898 0.579883 0.749609 0.595703 0.743359 0.607227
0 0.937109 0.689453 0.99707 0.683398 0.998633 0.698633 0.938672 0.704688
0 0.754297 0.199023 0.773438 0.20293 0.757422 0.282031 0.738281 0.278125
0 0.758594 0.0304687 0.779102 0.0326172 0.772852 0.0949219 0.752148 0.0929688
0 0.745313 0.0988281 0.760938 0.100391 0.754883 0.160742 0.739258 0.15918
