0 0.854102 0.170313 0.858398 0.188281 0.725195 0.219531 0.720898 0.201563
0 0.852734 0.189062 0.85957 0.172852 0.945898 0.209375 0.939063 0.225391
0 0.993359 0.199414 0.998047 0.214453 0.943945 0.231055 0.939258 0.216211
0 0.191211 0.376953 0.200586 0.394141 0.0873047 0.456055 0.0779297 0.438867
0 0.399023 0.314844 0.406445 0.333594 0.236133 0.401562 0.228711 0.383008
0 0.197852 0.377344 0.233203 0.38457 0.229102 0.404687 0.19375 0.397656
0 0.525977 0.279687 0.631445 0.279687 0.631445 0.299219 0.525977 0.299219
0 0.71543 0.209375 0.728906 0.225391 0.636328 0.30332 0.622852 0.287305
0 0.495703 0.264844 0.500977 0.281836 0.433594 0.302539 0.42832 0.285547
0 0.488867 0.283203 0.499023 0.268555 0.528125 0.288477 0.518164 0.303125
0 0.420508 0.285547 0.435352 0.3 0.410352 0.325781 0.395508 0.311328
0 0.0408203 0.451562 0.05625 0.466406 0.0154297 0.508398 0 0.493555
0 0.046875 0.429102 0.0806641 0.435937 0.0773438 0.452539 0.0435547 0.445703
