0 0.866211 0.110937 0.878906 0.0921875 0.999219 0.172852 0.986719 0.191602
0 0.858008 0.0957031 0.872461 0.112891 0.806641 0.168359 0.791992 0.151172
0 0.688672 0.149609 0.79375 0.160156 0.791602 0.181445 0.686523 0.170898
0 0.00214844 0.0958984 0.102344 0.105859 0.100391 0.126758 0 0.116602
0 0.0988281 0.13125 0.115234 0.117578 0.149609 0.158398 0.133203 0.17207
0 0.2125 0.138086 0.217578 0.154883 0.144922 0.177344 0.139648 0.160547
0 0.209375 0.16543 0.221875 0.149609 0.275391 0.191797 0.262695 0.207813
0 0.270508 0.189844 0.346289 0.182227 0.348438 0.203711 0.272656 0.211328
0 0.356641 0.191602 0.479102 0.203906 0.477148 0.223438 0.354687 0.211133
0 0.545312 0.179492 0.553711 0.199219 0.481836 0.229687 0.473438 0.209961
0 0.551562 0.194727 0.622461 0.208984 0.618164 0.230078 0.547266 0.21582
