0 0.242125 0.001525 0.309038 0.045364 0.296812 0.064025 0.229899 0.020185
0 0.315953 0.043008 0.440956 0.150452 0.429625 0.163634 0.304622 0.056191
0 0.427672 0.155822 0.445250 0.155822 0.445250 0.200744 0.427672 0.200744
0 0.444978 0.179542 0.509710 0.243578 0.497984 0.255431 0.433253 0.191395
0 0.439686 0.207165 0.451264 0.214264 0.421672 0.262530 0.410094 0.255431
0 0.418489 0.252245 0.432555 0.260869 0.385098 0.338274 0.371031 0.329650
0 0.410094 0.413634 0.398590 0.418096 0.367801 0.338715 0.379305 0.334253
0 0.506286 0.235414 0.572215 0.255808 0.568184 0.268838 0.502256 0.248444
0 0.652881 0.252690 0.568308 0.273387 0.563814 0.255020 0.648387 0.234324
0 0.652579 0.246289 0.703511 0.310471 0.691109 0.320313 0.640177 0.256130
0 0.706734 0.349609 0.694261 0.351495 0.688924 0.316180 0.701397 0.314295
0 0.741420 0.384766 0.729207 0.393121 0.699082 0.349088 0.711295 0.340732
0 0.860970 0.292536 0.792742 0.322190 0.785352 0.305186 0.853579 0.275532
0 0.782977 0.308518 0.793248 0.316656 0.759171 0.359668 0.748900 0.351531
0 0.886492 0.538987 0.993914 0.538987 0.993914 0.560471 0.886492 0.560471
0 0.814227 0.517503 0.888984 0.541450 0.884280 0.556133 0.809523 0.532186
0 0.440462 0.532800 0.382586 0.568284 0.373070 0.552763 0.430946 0.517279
0 0.035855 0.680190 0.007586 0.703050 0.000802 0.694660 0.029071 0.671800
0 0.060320 0.603440 0.070945 0.608971 0.035391 0.677263 0.024767 0.671732
0 0.159930 0.568284 0.061015 0.619780 0.052508 0.603440 0.151423 0.551944
0 0.234098 0.499166 0.156024 0.558518 0.147230 0.546951 0.225304 0.487599
0 0.310321 0.443284 0.236273 0.492863 0.226874 0.478827 0.300922 0.429247