0 0.553516 0.88125 0.57207 0.889258 0.528125 0.993164 0.50957 0.985352
0 0.645898 0.763867 0.663086 0.773242 0.613477 0.864062 0.596289 0.854688
0 0.601367 0.856055 0.609961 0.87207 0.568359 0.894727 0.55957 0.878906
0 0.737109 0.666406 0.750781 0.680664 0.666602 0.7625 0.652734 0.748437
0 0.856836 0.525781 0.868945 0.538281 0.786328 0.618359 0.774219 0.605859
0 0.770898 0.610938 0.788086 0.620313 0.758008 0.675195 0.741016 0.66582
0 0.896289 0.377539 0.916797 0.383984 0.872852 0.525781 0.852344 0.519336
0 0.911719 0.307422 0.932227 0.313867 0.912109 0.379102 0.891602 0.372656
0 0.959766 0.0761719 0.978516 0.0820312 0.920703 0.268555 0.902148 0.262695
0 0.903906 0.269727 0.920703 0.267969 0.924609 0.30625 0.907617 0.307812
