0 0.0953125 0.0509766 0.118359 0.0470703 0.135937 0.149023 0.112891 0.153125
0 0.118555 -0 0.137305 0.0078125 0.120508 0.0472656 0.101953 0.0394531
0 0.122461 0.149219 0.141992 0.15332 0.114648 0.287695 0.0951172 0.283594
0 0.0990234 0.290039 0.116602 0.279687 0.182422 0.392188 0.165039 0.402539
0 0.175195 0.39375 0.194336 0.389844 0.206641 0.450977 0.1875 0.454883
0 0.203516 0.465234 0.212891 0.448047 0.266016 0.477148 0.256641 0.494336
0 0.743359 0.708594 0.801758 0.70625 0.802539 0.723828 0.743945 0.726172
0 0.694336 0.702734 0.700586 0.687891 0.747266 0.707617 0.741016 0.722461
0 0.803125 0.70332 0.833398 0.69375 0.838281 0.709766 0.808008 0.719141
0 0.84082 0.695898 0.897852 0.701562 0.896094 0.71875 0.839063 0.713086
0 0.600977 0.699609 0.689844 0.69082 0.691406 0.708203 0.602734 0.716992
0 0.874609 0.726562 0.982031 0.727539 0.981836 0.745117 0.874414 0.744141
0 0.0138672 0.278516 0.103516 0.284961 0.102344 0.302344 0.0126953 0.296094
0 0.268555 0.365039 0.377734 0.358594 0.378711 0.374219 0.269531 0.380664
