0 0.589421 0.012830 0.611241 0.013922 0.599883 0.240898 0.578062 0.239806
0 0.200177 0.000089 0.222726 0.007562 0.144469 0.243712 0.121919 0.236240
0 0.601500 0.278869 0.621031 0.278869 0.621031 0.399962 0.601500 0.399962
0 0.872984 0.466369 1.000000 0.466369 1.000000 0.491013 0.872984 0.491013
0 0.688153 0.424144 0.869923 0.442382 0.867255 0.468981 0.685484 0.450744
0 0.574184 0.439847 0.682636 0.454026 0.679597 0.477265 0.571145 0.463087
0 0.572478 0.468815 0.466734 0.501525 0.459993 0.479733 0.565737 0.447022
0 0.250882 0.450573 0.463823 0.459095 0.462828 0.483947 0.249888 0.475425
0 0.254114 0.488530 0.113219 0.523009 0.107739 0.500616 0.248634 0.466136
0 0.053972 0.462394 0.115400 0.488366 0.107359 0.507384 0.045931 0.481413
0 0.054625 0.478087 0.012842 0.506673 0.000398 0.488483 0.042181 0.459898