0 0.732359 0.216369 0.708341 0.218053 0.693297 0.003478 0.717314 0.001794
0 0.721953 0.398724 0.697203 0.399962 0.688078 0.217607 0.712828 0.216369
0 0.689390 0.405822 0.712828 0.405822 0.712828 0.593322 0.689390 0.593322
0 0.999236 0.684260 0.869078 0.706603 0.865873 0.687930 0.996031 0.665587
0 0.865547 0.693023 0.747984 0.714415 0.743703 0.690886 0.861265 0.669494
0 0.745259 0.699247 0.684405 0.713496 0.680397 0.696381 0.741251 0.682132
0 0.679625 0.706603 0.697203 0.706603 0.697203 0.747619 0.679625 0.747619
0 0.681487 0.751107 0.558531 0.858947 0.544631 0.843099 0.667587 0.735259
0 0.472594 0.845275 0.546812 0.845275 0.546812 0.862853 0.472594 0.862853
0 0.412035 0.771592 0.477992 0.815754 0.468687 0.829650 0.402731 0.785488
0 0.326109 0.774962 0.404234 0.774962 0.404234 0.790587 0.326109 0.790587
0 0.186950 0.786274 0.276606 0.798908 0.273375 0.821837 0.183719 0.809203
0 0.003237 0.785405 0.131017 0.798226 0.128844 0.819884 0.001064 0.807064
0 0.185484 0.792540 0.132340 0.815009 0.125566 0.798986 0.178710 0.776517
0 0.331969 0.804259 0.280211 0.820270 0.274240 0.800970 0.325998 0.784959