0 0.628355 0.531741 0.643980 0.531741 0.643980 0.641116 0.628355 0.641116
0 0.652719 0.421736 0.665464 0.424319 0.642117 0.539496 0.629371 0.536912
0 0.670700 0.422413 0.654510 0.429258 0.630932 0.373491 0.647122 0.366646
0 0.639840 0.229711 0.657652 0.230960 0.647771 0.371887 0.629959 0.370638
0 0.628355 0.223148 0.611965 0.226470 0.595567 0.145575 0.611957 0.142253
0 0.612730 0.223147 0.645933 0.223147 0.645933 0.238772 0.612730 0.238772
0 0.613623 0.083585 0.628936 0.086690 0.615744 0.151772 0.600430 0.148668
0 0.595152 0.000491 0.612730 0.000491 0.612730 0.068851 0.595152 0.068851
0 0.690547 0.761108 0.673355 0.764772 0.650148 0.655890 0.667340 0.652226
0 0.675471 0.758045 0.690455 0.762680 0.653746 0.881351 0.638762 0.876716
0 0.668288 0.997055 0.647433 0.999147 0.634844 0.873678 0.655699 0.871585